0 4.18947 0.579108 8.34963 1.41168 6.26955 0.995394 35.1842 8.56043 
0.1 4.53736 0.608605 8.28414 1.42693 6.19002 0.888734 33.2532 8.03399 
0.2 4.88442 0.641262 8.24385 1.44047 6.40653 0.80256 31.2151 7.54117 
0.3 5.23058 0.676915 8.22665 1.45274 6.80281 0.736077 29.2747 7.07831 
0.4 5.57573 0.715405 8.23057 1.4641 7.28838 0.68729 27.498 6.64379 
0.5 5.91972 0.756583 8.25373 1.47489 7.80497 0.653665 25.8969 6.2366 
0.6 6.26236 0.800302 8.29435 1.48538 8.3164 0.632561 24.463 5.85588 
0.7 6.60344 0.84642 8.35079 1.4958 8.80143 0.621473 23.1813 5.50068 
0.8 6.94277 0.894799 8.4215 1.50637 9.24879 0.618161 22.0356 5.16997 
0.9 7.28015 0.945305 8.50506 1.51724 9.65363 0.620699 21.0107 4.86264 
1 7.61537 0.99781 8.60014 1.52855 10.0152 0.627481 20.0927 4.57752 
1.1 7.94823 1.05219 8.70552 1.54043 10.3351 0.637204 19.2694 4.31337 
1.2 8.27856 1.10831 8.82005 1.55296 10.6163 0.648834 18.5301 4.069 
1.3 8.60618 1.16607 8.9427 1.5662 10.8626 0.661567 17.8656 3.84317 
1.4 8.93092 1.22534 9.07249 1.58022 11.0777 0.674793 17.2676 3.63471 
1.5 9.25261 1.28601 9.20854 1.59505 11.2653 0.688062 16.7291 3.44247 
1.6 9.57111 1.34797 9.35001 1.61071 11.429 0.70105 16.2438 3.26534 
1.7 9.88627 1.41113 9.49616 1.62722 11.5718 0.713533 15.8063 3.10226 
1.8 10.198 1.47536 9.64628 1.64456 11.6965 0.725365 15.4118 2.95223 
1.9 10.5061 1.54059 9.79972 1.66274 11.8057 0.73646 15.056 2.8143 
2 10.8105 1.60671 9.9559 1.68175 11.9013 0.746773 14.7352 2.68758 
2.1 11.111 1.67362 10.1143 1.70155 11.9851 0.756292 14.4461 2.57123 
2.2 11.4076 1.74124 10.2743 1.72212 12.0586 0.765029 14.1856 2.46448 
2.3 11.7002 1.80949 10.4355 1.74343 12.1231 0.773008 13.9512 2.36659 
2.4 11.9887 1.87827 10.5976 1.76544 12.1796 0.780264 13.7406 2.27687 
2.5 12.2729 1.94751 10.76 1.78811 12.2289 0.786837 13.5515 2.19471 
2.6 12.5529 2.01712 10.9224 1.81141 12.2718 0.79277 13.3822 2.11951 
2.7 12.8284 2.08704 11.0845 1.83529 12.3089 0.798103 13.2309 2.05073 
2.8 13.0995 2.15719 11.246 1.8597 12.3405 0.802878 13.0962 1.98786 
2.9 13.366 2.2275 11.4065 1.8846 12.3671 0.807135 12.9766 1.93046 
3 13.628 2.2979 11.5659 1.90995 12.389 0.810907 12.8711 1.87807 
3.1 13.8852 2.36833 11.7238 1.93569 12.4064 0.814228 12.7784 1.83032 
3.2 14.1377 2.43872 11.88 1.96178 12.4195 0.817126 12.6977 1.78684 
3.3 14.3854 2.509 12.0343 1.98817 12.4285 0.819628 12.628 1.7473 
3.4 14.6283 2.57914 12.1866 2.01482 12.4333 0.821754 12.5687 1.71138 
3.5 14.8662 2.64905 12.3365 2.04168 12.4342 0.823526 12.5189 1.67881 
3.6 15.0991 2.7187 12.4841 2.06871 12.4311 0.824959 12.478 1.64933 
3.7 15.327 2.78802 12.629 2.09586 12.4242 0.826068 12.4455 1.6227 
3.8 15.5498 2.85697 12.7711 2.12309 12.4133 0.826864 12.421 1.5987 
3.9 15.7674 2.9255 12.9103 2.15036 12.3986 0.827357 12.4039 1.57714 
4 15.9798 2.99355 13.0465 2.17762 12.3799 0.827555 12.3939 1.55783 
4.1 16.1869 3.06109 13.1795 2.20484 12.3573 0.827463 12.3906 1.54061 
4.2 16.3887 3.12806 13.3092 2.23198 12.3308 0.827087 12.3937 1.52533 
4.3 16.5851 3.19442 13.4355 2.25899 12.3002 0.826429 12.4029 1.51184 
4.4 16.776 3.26014 13.5583 2.28585 12.2656 0.825493 12.4181 1.50003 
4.5 16.9615 3.32517 13.6775 2.3125 12.2269 0.824279 12.439 1.48978 
4.6 17.1414 3.38946 13.7929 2.33893 12.1841 0.822787 12.4653 1.48098 
4.7 17.3157 3.45299 13.9045 2.36509 12.137 0.821018 12.4971 1.47355 
4.8 17.4843 3.51572 14.0122 2.39096 12.0857 0.81897 12.534 1.46739 
4.9 17.6471 3.5776 14.1159 2.41649 12.03 0.816641 12.5761 1.46242 
5 17.8042 3.63861 14.2155 2.44167 11.97 0.81403 12.6232 1.45859 
5.1 17.9554 3.6987 14.3109 2.46645 11.9055 0.811134 12.6752 1.45582 
5.2 18.1006 3.75785 14.402 2.49081 11.8364 0.807951 12.7322 1.45405 
5.3 18.2399 3.81602 14.4888 2.51473 11.7628 0.804477 12.7939 1.45324 
5.4 18.3731 3.87318 14.5711 2.53816 11.6846 0.800709 12.8605 1.45334 
5.5 18.5002 3.9293 14.6489 2.56109 11.6017 0.796644 12.9318 1.45431 
5.6 18.621 3.98434 14.7221 2.5835 11.514 0.792279 13.0078 1.45611 
5.7 18.7356 4.03828 14.7906 2.60534 11.4215 0.787609 13.0886 1.4587 
5.8 18.8439 4.09109 14.8544 2.62661 11.3241 0.782631 13.1742 1.46207 
5.9 18.9457 4.14273 14.9133 2.64727 11.2218 0.777342 13.2644 1.46618 
6 19.041 4.19318 14.9673 2.6673 11.1146 0.771738 13.3594 1.471 
6.1 19.1298 4.24241 15.0163 2.68668 11.0023 0.765816 13.4592 1.47653 
6.2 19.2119 4.2904 15.0603 2.70539 10.8851 0.759573 13.5638 1.48273 
6.3 19.2872 4.3371 15.0991 2.7234 10.7628 0.753007 13.6732 1.48961 
6.4 19.3558 4.3825 15.1327 2.74069 10.6354 0.746113 13.7873 1.49713 
6.5 19.4175 4.42657 15.161 2.75725 10.503 0.738891 13.9064 1.5053 
6.6 19.4722 4.46928 15.184 2.77304 10.3654 0.731338 14.0302 1.51409 
6.7 19.5199 4.5106 15.2015 2.78805 10.2228 0.723452 14.159 1.52351 
6.8 19.5605 4.55052 15.2135 2.80227 10.0752 0.715233 14.2926 1.53354 
6.9 19.5939 4.58899 15.22 2.81567 9.92247 0.706679 14.4312 1.54418 
7 19.6201 4.626 15.2208 2.82822 9.76479 0.697791 14.5746 1.55542 
7.1 19.6389 4.66153 15.216 2.83992 9.60218 0.68857 14.723 1.56725 
7.2 19.6503 4.69554 15.2054 2.85075 9.4347 0.679015 14.8763 1.57968 
7.3 19.6543 4.72801 15.189 2.86069 9.26243 0.669129 15.0344 1.59269 
7.4 19.6507 4.75891 15.1668 2.86971 9.08546 0.658915 15.1975 1.60629 
7.5 19.6396 4.78823 15.1386 2.87782 8.9039 0.648375 15.3653 1.62047 
7.6 19.6208 4.81594 15.1045 2.88497 8.71788 0.637515 15.538 1.63522 
7.7 19.5943 4.84201 15.0645 2.89118 8.52754 0.626338 15.7153 1.65055 
7.8 19.5602 4.86643 15.0184 2.89641 8.33305 0.614851 15.8974 1.66644 
7.9 19.5182 4.88917 14.9663 2.90065 8.13458 0.603061 16.084 1.6829 
8 19.4684 4.9102 14.9081 2.90389 7.93233 0.590976 16.275 1.69992 
8.1 19.4109 4.92952 14.8439 2.90612 7.72653 0.578606 16.4705 1.71748 
8.2 19.3455 4.94709 14.7735 2.90732 7.51741 0.565959 16.6701 1.73559 
8.3 19.2722 4.9629 14.6972 2.90749 7.30524 0.553048 16.8738 1.75423 
8.4 19.1912 4.97693 14.6147 2.90661 7.0903 0.539886 17.0813 1.7734 
8.5 19.1023 4.98916 14.5263 2.90467 6.8729 0.526486 17.2926 1.79308 
8.6 19.0057 4.99959 14.4318 2.90167 6.65337 0.512865 17.5073 1.81327 
8.7 18.9013 5.00818 14.3315 2.89759 6.43207 0.499038 17.7253 1.83394 
8.8 18.7892 5.01494 14.2252 2.89243 6.20936 0.485024 17.9463 1.85509 
8.9 18.6695 5.01984 14.1131 2.88619 5.98566 0.470842 18.1699 1.87669 
9 18.5422 5.02287 13.9952 2.87886 5.76138 0.456514 18.3961 1.89873 
9.1 18.4076 5.02404 13.8718 2.87044 5.53695 0.442062 18.6243 1.92119 
9.2 18.2656 5.02332 13.7428 2.86092 5.31285 0.427509 18.8545 1.94405 
9.3 18.1164 5.02073 13.6084 2.85032 5.08954 0.412881 19.0861 1.96728 
9.4 17.9602 5.01624 13.4687 2.83863 4.86751 0.398205 19.3189 1.99086 
9.5 17.7971 5.00987 13.324 2.82585 4.64727 0.383508 19.5527 2.01477 
9.6 17.6273 5.00161 13.1743 2.812 4.42931 0.368819 19.7871 2.03897 
9.7 17.451 4.99146 13.0198 2.79707 4.21414 0.354167 20.0217 2.06344 
9.8 17.2684 4.97945 12.8609 2.78109 4.00226 0.339584 20.2565 2.08815 
9.9 17.0799 4.96556 12.6975 2.76406 3.79416 0.325099 20.4911 2.11307 
10 16.8855 4.94982 12.5301 2.74599 3.59031 0.310744 20.7253 2.13819 
10.1 16.6856 4.93225 12.3588 2.72691 3.39119 0.29655 20.9591 2.16346 
10.2 16.4805 4.91285 12.1839 2.70683 3.19724 0.282549 21.1922 2.18886 
10.3 16.2704 4.89165 12.0056 2.68577 3.00888 0.268771 21.4247 2.21438 
10.4 16.0558 4.86867 11.8243 2.66375 2.82653 0.255246 21.6565 2.23999 
10.5 15.8368 4.84395 11.6401 2.64081 2.65058 0.242004 21.8876 2.26567 
10.6 15.6138 4.8175 11.4534 2.61695 2.48141 0.229075 22.118 2.2914 
10.7 15.3872 4.78937 11.2646 2.59223 2.31935 0.216485 22.3478 2.31717 
10.8 15.1574 4.75958 11.0738 2.56666 2.16471 0.204262 22.5771 2.34298 
10.9 14.9246 4.72819 10.8814 2.54027 2.01777 0.192431 22.8058 2.3688 
11 14.6894 4.69522 10.6878 2.51311 1.87871 0.181016 23.0339 2.39462 
11.1 14.4519 4.66073 10.4932 2.48521 1.74769 0.170038 23.2616 2.42045 
11.2 14.2127 4.62476 10.2979 2.45661 1.62478 0.159517 23.4888 2.44628 
11.3 13.972 4.58736 10.1023 2.42735 1.50994 0.149468 23.7155 2.47209 
11.4 13.7303 4.54858 9.90662 2.39747 1.4031 0.139902 23.9416 2.49789 
11.5 13.4879 4.50849 9.71119 2.36701 1.30408 0.130829 24.1672 2.52367 
11.6 13.2451 4.46713 9.51626 2.33601 1.21266 0.122253 24.392 2.54942 
11.7 13.0023 4.42456 9.32211 2.30452 1.12852 0.114174 24.6161 2.57513 
11.8 12.7597 4.38085 9.12897 2.27259 1.05133 0.106587 24.8393 2.60081 
11.9 12.5178 4.33605 8.93709 2.24025 0.980713 0.0994867 25.0615 2.62644 
12 12.2767 4.29023 8.74668 2.20755 0.91627 0.0928609 25.2826 2.65201 
12.1 12.0367 4.24345 8.55793 2.17454 0.857585 0.0866959 25.5026 2.67752 
12.2 11.7981 4.19578 8.37104 2.14126 0.804242 0.0809754 25.7211 2.70295 
12.3 11.5612 4.14726 8.18617 2.10775 0.755829 0.0756808 25.9383 2.72831 
12.4 11.3261 4.09798 8.00348 2.07406 0.711946 0.0707919 26.1538 2.75357 
12.5 11.093 4.04799 7.8231 2.04023 0.672206 0.0662876 26.3677 2.77872 
12.6 10.8622 3.99735 7.64516 2.00629 0.636246 0.0621458 26.5798 2.80377 
12.7 10.6338 3.94613 7.46977 1.97229 0.603723 0.0583444 26.7899 2.82869 
12.8 10.408 3.89438 7.29703 1.93826 0.574316 0.0548609 26.9981 2.85347 
12.9 10.1849 3.84217 7.12701 1.90424 0.547732 0.0516735 27.2041 2.87811 
13 9.96456 3.78956 6.9598 1.87028 0.523698 0.0487609 27.4079 2.90259 
13.1 9.74721 3.7366 6.79545 1.83639 0.501967 0.0461022 27.6095 2.9269 
13.2 9.53292 3.68335 6.63402 1.80261 0.482313 0.0436779 27.8086 2.95104 
13.3 9.32176 3.62987 6.47554 1.76899 0.464533 0.041469 28.0054 2.97498 
13.4 9.11382 3.5762 6.32005 1.73553 0.448443 0.0394579 28.1996 2.99872 
13.5 8.90917 3.52241 6.16758 1.70228 0.433877 0.037628 28.3913 3.02225 
13.6 8.70787 3.46853 6.01813 1.66925 0.420688 0.0359638 28.5804 3.04557 
13.7 8.50996 3.41462 5.87173 1.63647 0.408741 0.034451 28.7668 3.06865 
13.8 8.31549 3.36073 5.72837 1.60397 0.397919 0.0330763 28.9505 3.0915 
13.9 8.12448 3.30689 5.58805 1.57177 0.388117 0.0318275 29.1315 3.11411 
14 7.93697 3.25316 5.45076 1.53989 0.379239 0.0306933 29.3097 3.13646 
14.1 7.75297 3.19957 5.3165 1.50834 0.371203 0.0296637 29.4851 3.15856 
14.2 7.57248 3.14617 5.18524 1.47714 0.363935 0.0287292 29.6577 3.18039 
14.3 7.39552 3.09298 5.05696 1.44631 0.357369 0.0278814 29.8275 3.20194 
14.4 7.22209 3.04005 4.93164 1.41586 0.351447 0.0271126 29.9944 3.22322 
14.5 7.05217 2.98741 4.80925 1.38581 0.346117 0.026416 30.1585 3.24422 
14.6 6.88576 2.9351 4.68976 1.35617 0.341335 0.0257852 30.3198 3.26493 
14.7 6.72284 2.88314 4.57313 1.32695 0.337059 0.0252147 30.4782 3.28535 
14.8 6.5634 2.83156 4.45934 1.29815 0.333254 0.0246993 30.6337 3.30547 
14.9 6.4074 2.78039 4.34834 1.26979 0.329891 0.0242346 30.7864 3.3253 
15 6.25483 2.72966 4.2401 1.24188 0.32694 0.0238165 30.9362 3.34482 
15.1 6.10566 2.67938 4.13457 1.21441 0.32438 0.0234413 31.0833 3.36404 
15.2 5.95984 2.62959 4.03171 1.1874 0.322188 0.0231058 31.2274 3.38296 
15.3 5.81736 2.5803 3.93149 1.16086 0.320348 0.0228072 31.3688 3.40157 
15.4 5.67817 2.53153 3.83385 1.13477 0.318844 0.0225429 31.5074 3.41987 
15.5 5.54224 2.4833 3.73876 1.10915 0.317663 0.0223107 31.6433 3.43786 
15.6 5.40953 2.43563 3.64617 1.084 0.316793 0.0221084 31.7764 3.45555 
15.7 5.27999 2.38853 3.55604 1.05933 0.316226 0.0219345 31.9067 3.47293 
15.8 5.15358 2.34202 3.46831 1.03512 0.315955 0.0217874 32.0344 3.48999 
15.9 5.03026 2.2961 3.38296 1.01138 0.315974 0.0216657 32.1594 3.50675 
16 4.90999 2.2508 3.29992 0.988115 0.316278 0.0215684 32.2818 3.5232 
16.1 4.79273 2.20611 3.21917 0.965318 0.316866 0.0214944 32.4015 3.53934 
16.2 4.67842 2.16206 3.14065 0.942989 0.317736 0.0214429 32.5186 3.55518 
16.3 4.56702 2.11864 3.06433 0.921126 0.318889 0.0214132 32.6332 3.57072 
16.4 4.4585 2.07587 2.99015 0.899727 0.320325 0.0214049 32.7453 3.58595 
16.5 4.35279 2.03375 2.91809 0.878787 0.322048 0.0214175 32.8548 3.60088 
16.6 4.24986 1.99229 2.84808 0.858306 0.324063 0.0214507 32.9619 3.61551 
16.7 4.14966 1.95149 2.78011 0.838277 0.326374 0.0215043 33.0666 3.62985 
16.8 4.05215 1.91136 2.71412 0.818699 0.328989 0.0215783 33.1688 3.6439 
16.9 3.95727 1.87189 2.65007 0.799567 0.331915 0.0216727 33.2687 3.65765 
17 3.865 1.8331 2.58794 0.780877 0.335164 0.0217877 33.3663 3.67112 
17.1 3.77529 1.79498 2.52768 0.762623 0.338746 0.0219234 33.4616 3.6843 
17.2 3.68808 1.75753 2.46925 0.744802 0.342675 0.0220803 33.5546 3.6972 
17.3 3.60335 1.72076 2.41263 0.727409 0.346966 0.0222588 33.6454 3.70982 
17.4 3.52106 1.68466 2.35778 0.710438 0.351635 0.0224595 33.734 3.72217 
17.5 3.44115 1.64923 2.30466 0.693885 0.356702 0.022683 33.8205 3.73424 
17.6 3.3636 1.61448 2.25325 0.677744 0.362188 0.0229302 33.9048 3.74604 
17.7 3.28837 1.58039 2.20351 0.66201 0.368116 0.0232021 33.9871 3.75758 
17.8 3.21542 1.54698 2.15543 0.646679 0.374515 0.0234996 34.0673 3.76886 
17.9 3.14472 1.51423 2.10897 0.631744 0.381413 0.0238241 34.1455 3.77988 
18 3.07624 1.48214 2.0641 0.617201 0.388844 0.0241769 34.2217 3.79064 
18.1 3.00994 1.45071 2.02082 0.603044 0.396845 0.0245595 34.296 3.80115 
18.2 2.94581 1.41995 1.97908 0.589268 0.405458 0.0249738 34.3683 3.81142 
18.3 2.88381 1.38983 1.93889 0.575869 0.414729 0.0254217 34.4388 3.82144 
18.4 2.82392 1.36036 1.90022 0.562841 0.424712 0.0259055 34.5074 3.83122 
18.5 2.76612 1.33154 1.86305 0.550179 0.435465 0.0264276 34.5742 3.84076 
18.6 2.71039 1.30337 1.82738 0.53788 0.447054 0.0269908 34.6392 3.85008 
18.7 2.65671 1.27583 1.7932 0.525938 0.459554 0.0275984 34.7024 3.85916 
18.8 2.60509 1.24892 1.7605 0.514349 0.473049 0.0282538 34.7639 3.86801 
18.9 2.5555 1.22265 1.72929 0.50311 0.487636 0.0289611 34.8237 3.87664 
19 2.50794 1.19701 1.69955 0.492215 0.503423 0.0297247 34.8818 3.88506 
19.1 2.46243 1.17199 1.67131 0.481663 0.520533 0.0305499 34.9382 3.89325 
19.2 2.41895 1.14759 1.64457 0.47145 0.53911 0.0314423 34.9929 3.90124 
19.3 2.37754 1.12381 1.61935 0.461573 0.559315 0.0324087 35.0461 3.90901 
19.4 2.33819 1.10064 1.59567 0.45203 0.581334 0.0334564 35.0976 3.91658 
19.5 2.30096 1.07809 1.57356 0.442819 0.605381 0.0345942 35.1475 3.92394 
19.6 2.26586 1.05615 1.55306 0.433939 0.631704 0.0358319 35.1958 3.9311 
19.7 2.23295 1.03482 1.53422 0.425389 0.660589 0.0371807 35.2425 3.93806 
19.8 2.20228 1.0141 1.51709 0.41717 0.692364 0.0386536 35.2875 3.94482 
19.9 2.17393 0.993986 1.50174 0.409283 0.727411 0.0402656 35.331 3.95139 
20 2.14798 0.974488 1.48826 0.401728 0.766172 0.0420339 35.3728 3.95776 
20.1 2.12453 0.955606 1.47675 0.39451 0.809152 0.0439784 35.4129 3.96394 
20.2 2.10372 0.937343 1.46731 0.387632 0.856935 0.0461221 35.4513 3.96992 
20.3 2.08568 0.919704 1.4601 0.3811 0.910182 0.0484912 35.4879 3.97571 
20.4 2.07058 0.902699 1.45526 0.374921 0.969642 0.0511159 35.5227 3.9813 
20.5 2.05863 0.886335 1.45298 0.369104 1.03615 0.0540304 35.5555 3.9867 
20.6 2.05004 0.870624 1.45347 0.36366 1.1106 0.0572736 35.5862 3.99189 
20.7 2.04508 0.855582 1.45696 0.3586 1.19397 0.0608884 35.6146 3.99688 
20.8 2.04402 0.841225 1.46371 0.353942 1.28724 0.064922 35.6406 4.00165 
20.9 2.04719 0.827574 1.47401 0.349703 1.39139 0.0694252 35.6638 4.0062 
21 2.05492 0.814653 1.48816 0.345903 1.50731 0.0744507 35.6839 4.01052 
21.1 2.06757 0.802488 1.50649 0.342565 1.63576 0.0800519 35.7005 4.01458 
21.2 2.08549 0.791111 1.52931 0.339716 1.77726 0.0862804 35.7131 4.01838 
21.3 2.10907 0.780555 1.55695 0.337384 1.9321 0.0931834 35.721 4.02188 
21.4 2.13865 0.770858 1.58971 0.335599 2.10025 0.100801 35.7235 4.02505 
21.5 2.17457 0.762059 1.62789 0.334395 2.28133 0.109163 35.7196 4.02786 
21.6 2.21715 0.7542 1.67175 0.333805 2.47469 0.118289 35.7083 4.03026 
21.7 2.26668 0.747327 1.72152 0.333865 2.67939 0.128182 35.6882 4.03219 
21.8 2.32339 0.741484 1.77738 0.334609 2.89427 0.138836 35.6582 4.03359 
21.9 2.38748 0.736718 1.83948 0.336074 3.11801 0.150227 35.6164 4.03438 
22 2.45912 0.733075 1.90794 0.338294 3.34921 0.16232 35.5612 4.03446 
22.1 2.53843 0.730601 1.98282 0.341302 3.58644 0.175069 35.4909 4.03374 
22.2 2.62547 0.729342 2.06415 0.34513 3.82827 0.18842 35.4035 4.0321 
22.3 2.7203 0.729342 2.15192 0.349809 4.07333 0.202309 35.2971 4.02941 
22.4 2.82291 0.730641 2.24609 0.355365 4.32035 0.21667 35.1699 4.02554 
22.5 2.93327 0.733281 2.34659 0.361825 4.56814 0.231433 35.02 4.02034 
22.6 3.0513 0.737297 2.45332 0.369211 4.81566 0.246528 34.8459 4.01366 
22.7 3.17692 0.742725 2.56615 0.377541 5.06196 0.261883 34.6462 4.00536 
22.8 3.31 0.749595 2.68494 0.386832 5.30622 0.277431 34.4197 3.99528 
22.9 3.45038 0.757935 2.80951 0.397098 5.54774 0.293107 34.1657 3.98327 
23 3.59791 0.76777 2.93969 0.408349 5.78593 0.308851 33.8837 3.96919 
23.1 3.75239 0.77912 3.07528 0.420591 6.0203 0.324605 33.5738 3.95293 
23.2 3.91363 0.792002 3.21607 0.433828 6.25045 0.34032 33.2365 3.93438 
23.3 4.08139 0.806432 3.36184 0.44806 6.47607 0.355947 32.8724 3.91344 
23.4 4.25547 0.822417 3.51237 0.463286 6.69692 0.371446 32.483 3.89005 
23.5 4.43561 0.839965 3.66742 0.479501 6.91284 0.386781 32.0699 3.86417 
23.6 4.62158 0.85908 3.82677 0.496697 7.1237 0.401921 31.635 3.8358 
23.7 4.81312 0.87976 3.99017 0.514863 7.32947 0.416838 31.1807 3.80495 
23.8 5.00998 0.902002 4.1574 0.533987 7.53012 0.431512 30.7095 3.77166 
23.9 5.2119 0.925799 4.32821 0.554054 7.72569 0.445924 30.224 3.73602 
24 5.41862 0.951141 4.50239 0.575046 7.91622 0.46006 29.7271 3.69811 
24.1 5.62989 0.978015 4.67969 0.596946 8.10178 0.47391 29.2215 3.65808 
24.2 5.84546 1.00641 4.85989 0.619732 8.28247 0.487465 28.71 3.61605 
24.3 6.06506 1.03629 5.04277 0.643383 8.45837 0.50072 28.1952 3.57221 
24.4 6.28844 1.06766 5.22812 0.667874 8.62957 0.513673 27.6797 3.52672 
24.5 6.51535 1.10048 5.41571 0.693181 8.79618 0.526321 27.1657 3.47978 
24.6 6.74554 1.13473 5.60535 0.719279 8.95825 0.538664 26.6556 3.43159 
24.7 6.97877 1.17038 5.79681 0.746139 9.11587 0.550704 26.1511 3.38235 
24.8 7.21479 1.20741 5.98991 0.773734 9.26909 0.562441 25.654 3.33225 
24.9 7.45337 1.24578 6.18445 0.802036 9.41797 0.573878 25.1657 3.2815 
25 7.69426 1.28545 6.38023 0.831016 9.56253 0.585017 24.6877 3.23029 
25.1 7.93724 1.3264 6.57707 0.860643 9.7028 0.595859 24.2208 3.17882 
25.2 8.18207 1.36859 6.77477 0.890888 9.83881 0.606406 23.7661 3.12725 
25.3 8.42852 1.41199 6.97317 0.921719 9.97055 0.616661 23.3242 3.07577 
25.4 8.67637 1.45654 7.17208 0.953106 10.098 0.626624 22.8956 3.02452 
25.5 8.9254 1.50223 7.37133 0.985017 10.2213 0.636298 22.4809 2.97366 
25.6 9.17539 1.54899 7.57075 1.01742 10.3402 0.645682 22.0803 2.92332 
25.7 9.42613 1.5968 7.77017 1.05029 10.4549 0.654777 21.694 2.87362 
25.8 9.67741 1.64562 7.96943 1.08359 10.5652 0.663584 21.3221 2.82467 
25.9 9.92901 1.69539 8.16838 1.11728 10.6712 0.672102 20.9645 2.77658 
26 10.1807 1.74608 8.36684 1.15134 10.7729 0.680331 20.6214 2.72943 
26.1 10.4324 1.79764 8.56467 1.18574 10.8702 0.688271 20.2925 2.68329 
26.2 10.6837 1.85003 8.76173 1.22044 10.963 0.69592 19.9777 2.63824 
26.3 10.9346 1.9032 8.95785 1.25542 11.0513 0.703277 19.6769 2.59433 
26.4 11.1848 1.95711 9.15289 1.29063 11.1352 0.710341 19.3897 2.55161 
26.5 11.4341 2.01171 9.34672 1.32606 11.2145 0.717109 19.1161 2.51011 
26.6 11.6824 2.06696 9.53918 1.36167 11.2892 0.723581 18.8556 2.46988 
26.7 11.9295 2.12281 9.73014 1.39742 11.3593 0.729753 18.6082 2.43094 
26.8 12.1751 2.1792 9.91946 1.4333 11.4246 0.735624 18.3733 2.39329 
26.9 12.4191 2.23611 10.107 1.46926 11.4852 0.74119 18.1509 2.35697 
27 12.6613 2.29347 10.2926 1.50529 11.5411 0.746449 17.9405 2.32197 
27.1 12.9015 2.35125 10.4762 1.54134 11.592 0.751399 17.742 2.2883 
27.2 13.1396 2.40939 10.6577 1.57739 11.638 0.756035 17.555 2.25596 
27.3 13.3754 2.46785 10.8368 1.61341 11.679 0.760354 17.3793 2.22495 
27.4 13.6087 2.52658 11.0135 1.64937 11.715 0.764354 17.2146 2.19525 
27.5 13.8393 2.58554 11.1876 1.68525 11.7458 0.768029 17.0606 2.16686 
27.6 14.0671 2.64467 11.359 1.72101 11.7715 0.771377 16.9171 2.13976 
27.7 14.2918 2.70394 11.5277 1.75663 11.7918 0.774393 16.7838 2.11395 
27.8 14.5134 2.76328 11.6934 1.79207 11.8069 0.777072 16.6605 2.08941 
27.9 14.7316 2.82266 11.856 1.82731 11.8164 0.779411 16.5469 2.06611 
28 14.9463 2.88203 12.0154 1.86233 11.8205 0.781406 16.443 2.04405 
28.1 15.1573 2.94134 12.1715 1.89709 11.819 0.78305 16.3484 2.02321 
28.2 15.3644 3.00054 12.3242 1.93157 11.8118 0.784339 16.2629 2.00356 
28.3 15.5675 3.0596 12.4733 1.96574 11.7989 0.785269 16.1864 1.98508 
28.4 15.7664 3.11845 12.6187 1.99957 11.7801 0.785833 16.1187 1.96777 
28.5 15.9609 3.17706 12.7602 2.03304 11.7554 0.786027 16.0597 1.9516 
28.6 16.1508 3.23537 12.8978 2.06612 11.7246 0.785846 16.0092 1.93654 
28.7 16.3361 3.29334 13.0313 2.09879 11.6877 0.785282 15.967 1.92259 
28.8 16.5164 3.35093 13.1607 2.13101 11.6446 0.784332 15.9331 1.90972 
28.9 16.6917 3.40808 13.2856 2.16276 11.5951 0.782988 15.9072 1.89792 
29 16.8618 3.46475 13.4061 2.19401 11.5393 0.781245 15.8894 1.88717 
29.1 17.0265 3.5209 13.522 2.22474 11.4769 0.779097 15.8794 1.87744 
29.2 17.1856 3.57647 13.6332 2.25492 11.408 0.776538 15.8772 1.86874 
29.3 17.3389 3.63141 13.7395 2.28452 11.3324 0.773562 15.8828 1.86103 
29.4 17.4863 3.68569 13.8407 2.31353 11.2499 0.770163 15.8959 1.85431 
29.5 17.6275 3.73926 13.9369 2.3419 11.1607 0.766334 15.9166 1.84857 
29.6 17.7625 3.79206 14.0277 2.36962 11.0644 0.76207 15.9448 1.84378 
29.7 17.891 3.84405 14.1131 2.39666 10.9611 0.757365 15.9804 1.83993 
29.8 18.0128 3.89518 14.193 2.42299 10.8507 0.752212 16.0234 1.83702 
29.9 18.1278 3.94541 14.2671 2.44858 10.7331 0.746606 16.0737 1.83503 
30 18.2358 3.99468 14.3354 2.47341 10.6083 0.740542 16.1313 1.83395 
30.1 18.3365 4.04295 14.3978 2.49746 10.4761 0.734015 16.196 1.83378 
30.2 18.4299 4.09017 14.454 2.52068 10.3366 0.727018 16.2679 1.83449 
30.3 18.5157 4.1363 14.5039 2.54307 10.1897 0.719549 16.347 1.83608 
30.4 18.5937 4.18128 14.5474 2.56458 10.0354 0.711602 16.433 1.83855 
30.5 18.6638 4.22507 14.5844 2.5852 9.87358 0.703174 16.5261 1.84189 
30.6 18.7257 4.26762 14.6147 2.6049 9.70436 0.694263 16.6262 1.84608 
30.7 18.7794 4.30887 14.6381 2.62364 9.52772 0.684864 16.7331 1.85111 
30.8 18.8245 4.34879 14.6546 2.64141 9.3437 0.674978 16.8469 1.85699 
30.9 18.861 4.38732 14.664 2.65817 9.15236 0.664604 16.9675 1.8637 
31 18.8886 4.42442 14.6662 2.6739 8.95378 0.653741 17.0947 1.87124 
31.1 18.9072 4.46003 14.661 2.68857 8.74809 0.642391 17.2285 1.87959 
31.2 18.9167 4.49411 14.6484 2.70215 8.53542 0.630557 17.3687 1.88875 
31.3 18.9169 4.5266 14.6281 2.71462 8.31595 0.618244 17.5154 1.89871 
31.4 18.9075 4.55748 14.6002 2.72595 8.0899 0.605457 17.6682 1.90946 
31.5 18.8886 4.58667 14.5646 2.73612 7.85754 0.592203 17.8272 1.92098 
31.6 18.86 4.61415 14.521 2.7451 7.61917 0.578494 17.992 1.93328 
31.7 18.8216 4.63986 14.4696 2.75287 7.37516 0.564341 18.1626 1.94633 
31.8 18.7732 4.66376 14.4101 2.75939 7.12592 0.549758 18.3387 1.96012 
31.9 18.7148 4.6858 14.3427 2.76466 6.87194 0.534763 18.5201 1.97465 
32 18.6464 4.70594 14.2672 2.76865 6.61378 0.519378 18.7065 1.98988 
32.1 18.5679 4.72415 14.1836 2.77134 6.35205 0.503625 18.8976 2.00581 
32.2 18.4793 4.74038 14.0921 2.7727 6.08746 0.487534 19.0933 2.02241 
32.3 18.3807 4.75459 13.9926 2.77273 5.82078 0.471135 19.2931 2.03967 
32.4 18.2721 4.76675 13.8852 2.7714 5.55288 0.454464 19.4967 2.05755 
32.5 18.1536 4.77682 13.7701 2.76871 5.28468 0.437562 19.7039 2.07605 
32.6 18.0253 4.78479 13.6473 2.76465 5.01718 0.420475 19.9142 2.09513 
32.7 17.8874 4.79062 13.5171 2.7592 4.75144 0.40325 20.1273 2.11476 
32.8 17.7402 4.79428 13.3797 2.75237 4.48855 0.385941 20.3429 2.13492 
32.9 17.5837 4.79577 13.2353 2.74414 4.22962 0.368605 20.5606 2.15557 
33 17.4185 4.79507 13.0843 2.73453 3.97576 0.351303 20.7802 2.17669 
33.1 17.2447 4.79217 12.9269 2.72355 3.72805 0.334098 21.0013 2.19825 
33.2 17.0628 4.78706 12.7635 2.71119 3.4875 0.317053 21.2237 2.22021 
33.3 16.8731 4.77975 12.5944 2.69748 3.25505 0.300232 21.4473 2.24254 
33.4 16.6762 4.77025 12.4202 2.68243 3.03153 0.283699 21.6718 2.26522 
33.5 16.4723 4.75856 12.2411 2.66607 2.81767 0.267516 21.8971 2.28821 
33.6 16.2621 4.7447 12.0576 2.64843 2.61404 0.25174 22.123 2.3115 
33.7 16.0459 4.72871 11.8702 2.62953 2.42111 0.236425 22.3495 2.33505 
33.8 15.8244 4.7106 11.6794 2.60941 2.23918 0.22162 22.5765 2.35885 
33.9 15.598 4.69041 11.4855 2.5881 2.06844 0.207367 22.8038 2.38286 
34 15.3672 4.66818 11.2891 2.56566 1.90891 0.193704 23.0313 2.40708 
34.1 15.1326 4.64395 11.0905 2.54212 1.76051 0.180658 23.259 2.43147 
34.2 14.8947 4.61778 10.8902 2.51753 1.62305 0.168252 23.4867 2.45603 
34.3 14.6539 4.58972 10.6887 2.49194 1.49621 0.156502 23.7143 2.48072 
34.4 14.4107 4.55982 10.4863 2.46541 1.37961 0.145415 23.9417 2.50554 
34.5 14.1657 4.52814 10.2834 2.43798 1.27278 0.134991 24.1687 2.53047 
34.6 13.9192 4.49475 10.0804 2.40971 1.17521 0.125227 24.3952 2.55548 
34.7 13.6718 4.45972 9.87762 2.38067 1.08633 0.116111 24.6211 2.58056 
34.8 13.4237 4.4231 9.67543 2.3509 1.00557 0.107628 24.8461 2.6057 
34.9 13.1754 4.38499 9.47409 2.32046 0.932339 0.0997574 25.0702 2.63088 
35 12.9273 4.34544 9.2739 2.28941 0.866057 0.0924758 25.2932 2.65607 
35.1 12.6797 4.30452 9.07511 2.25781 0.80615 0.0857568 25.515 2.68127 
35.2 12.4329 4.26233 8.87795 2.22571 0.752068 0.079572 25.7354 2.70646 
35.3 12.1872 4.21892 8.68264 2.19318 0.703287 0.0738918 25.9542 2.73161 
35.4 11.943 4.17438 8.48938 2.16025 0.659312 0.0686853 26.1714 2.75671 
35.5 11.7004 4.12877 8.29835 2.12699 0.619684 0.063922 26.3868 2.78175 
35.6 11.4598 4.08219 8.10969 2.09346 0.583975 0.059571 26.6003 2.8067 
35.7 11.2212 4.03468 7.92355 2.05969 0.551794 0.0556025 26.8117 2.83156 
35.8 10.985 3.98635 7.74006 2.02574 0.522782 0.0519872 27.0211 2.85631 
35.9 10.7512 3.93724 7.55932 1.99166 0.496613 0.0486972 27.2283 2.88093 
36 10.5202 3.88744 7.38142 1.95748 0.472993 0.0457059 27.4331 2.90541 
36.1 10.2919 3.83702 7.20645 1.92327 0.451656 0.0429881 27.6356 2.92973 
36.2 10.0666 3.78603 7.03447 1.88905 0.432364 0.04052 27.8357 2.95388 
36.3 9.84434 3.73456 6.86554 1.85487 0.414902 0.0382797 28.0332 2.97786 
36.4 9.62525 3.68266 6.69971 1.82076 0.399081 0.0362465 28.2281 3.00163 
36.5 9.40942 3.6304 6.537 1.78676 0.384729 0.0344016 28.4205 3.02521 
36.6 9.19692 3.57783 6.37745 1.7529 0.371697 0.0327274 28.6101 3.04857 
36.7 8.98782 3.52503 6.22107 1.71922 0.359848 0.0312081 28.797 3.0717 
36.8 8.78219 3.47203 6.06788 1.68575 0.349065 0.0298288 28.9812 3.09459 
36.9 8.58006 3.41891 5.91787 1.65251 0.33924 0.0285764 29.1625 3.11724 
37 8.38148 3.36571 5.77105 1.61953 0.330281 0.0274387 29.3411 3.13964 
37.1 8.18647 3.31248 5.6274 1.58684 0.322104 0.0264047 29.5168 3.16178 
37.2 7.99506 3.25927 5.4869 1.55445 0.314635 0.0254647 29.6897 3.18365 
37.3 7.80726 3.20612 5.34955 1.52239 0.30781 0.0246095 29.8597 3.20525 
37.4 7.62308 3.1531 5.21531 1.49067 0.301572 0.0238312 30.0268 3.22657 
37.5 7.44252 3.10022 5.08416 1.45932 0.295868 0.0231226 30.191 3.2476 
37.6 7.26558 3.04754 4.95607 1.42835 0.290655 0.022477 30.3524 3.26835 
37.7 7.09224 2.99509 4.83101 1.39778 0.285892 0.0218888 30.5108 3.2888 
37.8 6.92249 2.94292 4.70893 1.36761 0.281544 0.0213527 30.6664 3.30895 
37.9 6.75632 2.89104 4.5898 1.33786 0.27758 0.0208641 30.8191 3.3288 
38 6.59369 2.8395 4.47358 1.30855 0.273971 0.0204186 30.969 3.34835 
38.1 6.43459 2.78833 4.36023 1.27967 0.270694 0.0200127 31.116 3.36759 
38.2 6.27898 2.73755 4.2497 1.25124 0.267727 0.0196431 31.2602 3.38653 
38.3 6.12684 2.6872 4.14195 1.22327 0.26505 0.0193066 31.4015 3.40515 
38.4 5.97812 2.63729 4.03693 1.19576 0.262647 0.0190008 31.5401 3.42347 
38.5 5.83278 2.58785 3.93459 1.16871 0.260503 0.0187232 31.6758 3.44147 
38.6 5.69079 2.5389 3.83489 1.14213 0.258604 0.0184717 31.8089 3.45917 
38.7 5.55211 2.49047 3.73777 1.11603 0.25694 0.0182446 31.9392 3.47655 
38.8 5.41669 2.44256 3.6432 1.0904 0.255499 0.0180401 32.0668 3.49362 
38.9 5.28449 2.3952 3.55112 1.06525 0.254274 0.0178568 32.1917 3.51038 
39 5.15546 2.34841 3.46148 1.04057 0.253256 0.0176934 32.3139 3.52683 
39.1 5.02956 2.30219 3.37423 1.01637 0.252438 0.0175487 32.4336 3.54298 
39.2 4.90673 2.25657 3.28933 0.992649 0.251816 0.0174217 32.5506 3.55882 
39.3 4.78693 2.21155 3.20673 0.969402 0.251385 0.0173116 32.6651 3.57435 
39.4 4.6701 2.16714 3.12638 0.946628 0.25114 0.0172175 32.7771 3.58958 
39.5 4.55621 2.12335 3.04823 0.924326 0.251079 0.0171389 32.8866 3.60451 
39.6 4.4452 2.08019 2.97224 0.902492 0.2512 0.017075 32.9936 3.61914 
39.7 4.33701 2.03768 2.89835 0.881124 0.2515 0.0170254 33.0982 3.63347 
39.8 4.2316 1.9958 2.82653 0.860218 0.25198 0.0169897 33.2004 3.64752 
39.9 4.12893 1.95458 2.75673 0.83977 0.252638 0.0169676 33.3003 3.66127 
40 4.02893 1.914 2.6889 0.819776 0.253476 0.0169587 33.3979 3.67473 
40.1 3.93156 1.87409 2.623 0.800232 0.254493 0.0169628 33.4931 3.68791 
40.2 3.83678 1.83484 2.559 0.781131 0.255693 0.0169797 33.5862 3.7008 
40.3 3.74452 1.79624 2.49683 0.762471 0.257077 0.0170094 33.677 3.71342 
40.4 3.65476 1.75831 2.43648 0.744245 0.258648 0.0170517 33.7657 3.72576 
40.5 3.56743 1.72104 2.37789 0.726447 0.260409 0.0171067 33.8522 3.73784 
40.6 3.48248 1.68444 2.32103 0.709073 0.262365 0.0171745 33.9366 3.74964 
40.7 3.39989 1.6485 2.26585 0.692117 0.264521 0.017255 34.019 3.76118 
40.8 3.31959 1.61322 2.21233 0.675573 0.266882 0.0173484 34.0994 3.77246 
40.9 3.24154 1.5786 2.16042 0.659434 0.269455 0.017455 34.1777 3.78348 
41 3.16571 1.54463 2.11009 0.643696 0.272247 0.0175749 34.2542 3.79426 
41.1 3.09204 1.51132 2.06131 0.628351 0.275266 0.0177084 34.3287 3.80478 
41.2 3.0205 1.47866 2.01405 0.613394 0.278521 0.0178559 34.4014 3.81505 
41.3 2.95105 1.44665 1.96826 0.59882 0.282021 0.0180177 34.4722 3.82509 
41.4 2.88364 1.41528 1.92393 0.58462 0.285777 0.0181944 34.5412 3.83489 
41.5 2.81823 1.38454 1.88102 0.570791 0.289802 0.0183863 34.6084 3.84445 
41.6 2.7548 1.35445 1.8395 0.557325 0.294108 0.0185941 34.674 3.85379 
41.7 2.6933 1.32498 1.79934 0.544216 0.29871 0.0188184 34.7378 3.8629 
41.8 2.6337 1.29613 1.76053 0.531459 0.303624 0.0190599 34.7999 3.87179 
41.9 2.57596 1.26791 1.72303 0.519047 0.308867 0.0193194 34.8605 3.88046 
42 2.52006 1.24029 1.68683 0.506975 0.314459 0.0195977 34.9194 3.88892 
42.1 2.46596 1.21329 1.65189 0.495238 0.320421 0.0198957 34.9768 3.89717 
42.2 2.41363 1.18688 1.6182 0.483828 0.326775 0.0202146 35.0327 3.90521 
42.3 2.36304 1.16108 1.58575 0.472742 0.333547 0.0205555 35.087 3.91305 
42.4 2.31418 1.13586 1.5545 0.461972 0.340766 0.0209196 35.1399 3.92069 
42.5 2.26701 1.11123 1.52445 0.451515 0.348462 0.0213083 35.1913 3.92814 
42.6 2.22151 1.08717 1.49559 0.441365 0.35667 0.0217232 35.2414 3.9354 
42.7 2.17767 1.06369 1.46789 0.431518 0.365427 0.022166 35.29 3.94247 
42.8 2.13546 1.04077 1.44135 0.421967 0.374777 0.0226386 35.3373 3.94936 
42.9 2.09487 1.01842 1.41596 0.412709 0.384764 0.023143 35.3833 3.95606 
43 2.05588 0.996615 1.39171 0.403739 0.395443 0.0236815 35.428 3.96259 
43.1 2.01849 0.975361 1.3686 0.395053 0.406869 0.0242567 35.4714 3.96895 
43.2 1.98268 0.954652 1.34662 0.386648 0.41911 0.0248715 35.5136 3.97514 
43.3 1.94846 0.93448 1.32578 0.378519 0.432237 0.025529 35.5545 3.98116 
43.4 1.91581 0.914841 1.30608 0.370663 0.446332 0.0262327 35.5942 3.98702 
43.5 1.88475 0.89573 1.28753 0.363076 0.461489 0.0269865 35.6327 3.99272 
43.6 1.85527 0.877142 1.27013 0.355757 0.477812 0.027795 35.6701 3.99826 
43.7 1.82739 0.859073 1.25391 0.348702 0.495419 0.0286631 35.7063 4.00365 
43.8 1.80113 0.841519 1.23888 0.34191 0.514446 0.0295965 35.7413 4.00889 
43.9 1.7765 0.824477 1.22506 0.335379 0.535048 0.0306014 35.7753 4.01397 
44 1.75354 0.807944 1.21249 0.329107 0.557401 0.0316852 35.8081 4.01891 
44.1 1.73228 0.791917 1.2012 0.323095 0.581709 0.0328561 35.8398 4.02371 
44.2 1.71276 0.776394 1.19124 0.317341 0.608206 0.0341234 35.8704 4.02836 
44.3 1.69503 0.761375 1.18265 0.311846 0.637162 0.0354979 35.8998 4.03288 
44.4 1.67917 0.74686 1.17551 0.306612 0.668889 0.0369921 35.9282 4.03725 
44.5 1.66525 0.732848 1.16988 0.301641 0.70375 0.03862 35.9554 4.04149 
44.6 1.65337 0.719342 1.16585 0.296935 0.742162 0.040398 35.9815 4.04559 
44.7 1.64362 0.706346 1.16353 0.292499 0.78461 0.0423451 36.0063 4.04955 
44.8 1.63614 0.693862 1.16303 0.288338 0.831651 0.0444831 36.03 4.05338 
44.9 1.63107 0.681898 1.1645 0.284458 0.883928 0.0468371 36.0524 4.05707 
45 1.6286 0.670461 1.16809 0.280867 0.942171 0.0494361 36.0735 4.06062 
45.1 1.62893 0.659562 1.17399 0.277575 1.0072 0.0523132 36.0931 4.06404 
45.2 1.63227 0.649211 1.18241 0.274594 1.07994 0.0555061 36.1112 4.06731 
45.3 1.63891 0.639426 1.1936 0.271937 1.16139 0.0590576 36.1277 4.07043 
45.4 1.64913 0.630223 1.20782 0.269621 1.2526 0.063015 36.1423 4.0734 
45.5 1.66327 0.621624 1.22537 0.267666 1.35466 0.0674303 36.1549 4.07621 
45.6 1.68168 0.613653 1.24659 0.266092 1.46861 0.0723588 36.1651 4.07885 
45.7 1.70476 0.606339 1.2718 0.264924 1.59541 0.0778585 36.1726 4.08131 
45.8 1.73289 0.599714 1.30139 0.26419 1.73585 0.0839872 36.1771 4.08356 
45.9 1.7665 0.593815 1.33569 0.263922 1.89045 0.0908003 36.1779 4.0856 
46 1.806 0.588681 1.37509 0.264151 2.05943 0.0983478 36.1744 4.0874 
46.1 1.85177 0.584355 1.41991 0.264913 2.24266 0.106671 36.1659 4.08891 
46.2 1.9042 0.580883 1.47046 0.266247 2.43961 0.115799 36.1515 4.09012 
46.3 1.96362 0.578315 1.52704 0.268191 2.64944 0.125749 36.13 4.09095 
46.4 2.03032 0.5767 1.58986 0.270786 2.87101 0.13652 36.1001 4.09138 
46.5 2.10457 0.576091 1.65914 0.27407 3.10292 0.148099 36.0606 4.09131 
46.6 2.18657 0.576539 1.73502 0.278084 3.34366 0.160454 36.0099 4.09068 
46.7 2.27648 0.578098 1.81758 0.282866 3.59159 0.173541 35.9462 4.08939 
46.8 2.37441 0.580818 1.9069 0.288453 3.8451 0.187306 35.8677 4.08735 
46.9 2.48041 0.584749 2.00298 0.294881 4.10258 0.201681 35.7728 4.08443 
47 2.59452 0.58994 2.10578 0.302181 4.36255 0.216595 35.6595 4.08052 
47.1 2.7167 0.596437 2.21525 0.310385 4.62359 0.23197 35.526 4.07548 
47.2 2.84689 0.604282 2.33128 0.319517 4.88445 0.247727 35.3707 4.06917 
47.3 2.98501 0.613517 2.45373 0.329603 5.14399 0.263787 35.1922 4.06145 
47.4 3.13091 0.624176 2.58247 0.340661 5.40125 0.280072 34.9891 4.05216 
47.5 3.28446 0.636295 2.71729 0.352709 5.65536 0.296507 34.7604 4.04117 
47.6 3.44545 0.6499 2.85801 0.365759 5.90562 0.313022 34.5056 4.02834 
47.7 3.6137 0.665019 3.0044 0.379821 6.15143 0.32955 34.2243 4.01353 
47.8 3.78898 0.681672 3.15624 0.3949 6.39231 0.346032 33.9167 3.99664 
47.9 3.97104 0.699875 3.31327 0.410998 6.62787 0.362413 33.5832 3.97756 
48 4.15964 0.719643 3.47527 0.428116 6.85783 0.378645 33.2249 3.95622 
48.1 4.35452 0.740984 3.64195 0.446247 7.08196 0.394685 32.8429 3.93255 
48.2 4.55539 0.763904 3.81307 0.465386 7.30013 0.410495 32.439 3.90654 
48.3 4.76198 0.788403 3.98835 0.485521 7.51225 0.426044 32.0151 3.87818 
48.4 4.97401 0.814478 4.16754 0.506639 7.71829 0.441306 31.5735 3.84748 
48.5 5.19119 0.842125 4.35037 0.528725 7.91827 0.456258 31.1165 3.81451 
48.6 5.41322 0.871332 4.53657 0.55176 8.11223 0.470883 30.6467 3.77933 
48.7 5.63982 0.902086 4.72589 0.575724 8.30027 0.485168 30.1668 3.74205 
48.8 5.8707 0.934372 4.91808 0.600595 8.48248 0.499103 29.6795 3.70279 
48.9 6.10557 0.96817 5.11287 0.626349 8.65899 0.512682 29.1873 3.6617 
49 6.34416 1.00346 5.31004 0.652959 8.82992 0.5259 28.6928 3.61893 
49.1 6.58617 1.04021 5.50933 0.680399 8.99539 0.538757 28.1984 3.57467 
49.2 6.83133 1.0784 5.71051 0.708639 9.15553 0.551252 27.7062 3.52909 
49.3 7.07937 1.118 5.91336 0.737651 9.31044 0.563387 27.2183 3.48238 
49.4 7.33001 1.15897 6.11766 0.767403 9.46022 0.575164 26.7366 3.43474 
49.5 7.583 1.20129 6.32317 0.797864 9.60497 0.586587 26.2625 3.38636 
49.6 7.83807 1.24492 6.5297 0.829001 9.74474 0.59766 25.7977 3.33743 
49.7 8.09497 1.28981 6.73704 0.860782 9.8796 0.608385 25.3431 3.28814 
49.8 8.35343 1.33593 6.94497 0.893174 10.0096 0.618767 24.8999 3.23867 
49.9 8.61322 1.38325 7.15331 0.926142 10.1347 0.62881 24.4689 3.18918 
50 8.87408 1.43171 7.36186 0.959652 10.255 0.638515 24.0507 3.13984 
50.1 9.13577 1.48129 7.57042 0.99367 10.3705 0.647886 23.6458 3.0908 
50.2 9.39806 1.53192 7.77883 1.02816 10.4812 0.656925 23.2547 3.0422 
50.3 9.66071 1.58357 7.98689 1.06309 10.587 0.665633 22.8777 2.99417 
50.4 9.92349 1.63619 8.19442 1.09843 10.6879 0.674012 22.5147 2.94681 
50.5 10.1862 1.68973 8.40126 1.13413 10.784 0.682063 22.1661 2.90025 
50.6 10.4485 1.74416 8.60723 1.17017 10.8752 0.689784 21.8317 2.85456 
50.7 10.7104 1.79941 8.81216 1.20651 10.9613 0.697177 21.5115 2.80984 
50.8 10.9714 1.85544 9.01589 1.24312 11.0425 0.70424 21.2055 2.76616 
50.9 11.2315 1.91221 9.21826 1.27995 11.1186 0.710971 20.9133 2.72357 
51 11.4904 1.96965 9.4191 1.31699 11.1895 0.71737 20.635 2.68214 
51.1 11.7479 2.02773 9.61826 1.35418 11.2553 0.723433 20.3703 2.6419 
51.2 12.0037 2.08639 9.81558 1.39151 11.3158 0.729159 20.1188 2.60289 
51.3 12.2578 2.14558 10.0109 1.42893 11.371 0.734544 19.8805 2.56515 
51.4 12.5098 2.20526 10.2041 1.46641 11.4208 0.739585 19.6551 2.5287 
51.5 12.7596 2.26536 10.395 1.50393 11.4651 0.744278 19.4422 2.49355 
51.6 13.007 2.32583 10.5834 1.54144 11.5038 0.74862 19.2417 2.45972 
51.7 13.2518 2.38664 10.7692 1.57891 11.5369 0.752606 19.0532 2.42721 
51.8 13.4937 2.44772 10.9523 1.61632 11.5642 0.756231 18.8766 2.39603 
51.9 13.7326 2.50902 11.1325 1.65362 11.5856 0.75949 18.7115 2.36618 
52 13.9682 2.57049 11.3096 1.69079 11.6012 0.762378 18.5578 2.33766 
52.1 14.2005 2.63208 11.4835 1.72779 11.6106 0.76489 18.4151 2.31045 
52.2 14.4291 2.69373 11.6541 1.7646 11.6139 0.76702 18.2833 2.28455 
52.3 14.6538 2.7554 11.8212 1.80118 11.611 0.768761 18.1622 2.25995 
52.4 14.8746 2.81703 11.9847 1.8375 11.6016 0.770107 18.0514 2.23664 
52.5 15.0911 2.87857 12.1443 1.87353 11.5857 0.771052 17.9508 2.21461 
52.6 15.3032 2.93997 12.3 1.90923 11.5632 0.771588 17.8603 2.19383 
52.7 15.5106 3.00117 12.4516 1.94458 11.534 0.771709 17.7796 2.1743 
52.8 15.7132 3.06211 12.599 1.97954 11.4978 0.771406 17.7086 2.156 
52.9 15.9108 3.12276 12.7419 2.01409 11.4547 0.770673 17.6471 2.13891 
53 16.1031 3.18305 12.8802 2.04819 11.4044 0.769502 17.595 2.12302 
53.1 16.2899 3.24293 13.0138 2.08181 11.3468 0.767884 17.5521 2.10831 
53.2 16.4711 3.30235 13.1426 2.11492 11.2818 0.765811 17.5182 2.09476 
53.3 16.6464 3.36125 13.2662 2.14749 11.2093 0.763275 17.4934 2.08236 
53.4 16.8155 3.41958 13.3846 2.17949 11.129 0.760268 17.4774 2.0711 
53.5 16.9784 3.47729 13.4977 2.21089 11.041 0.756781 17.4701 2.06096 
53.6 17.1347 3.53431 13.6051 2.24164 10.945 0.752804 17.4715 2.05192 
53.7 17.2842 3.5906 13.7068 2.27173 10.8409 0.74833 17.4815 2.04396 
53.8 17.4267 3.6461 13.8026 2.30112 10.7285 0.743349 17.4999 2.03709 
53.9 17.562 3.70076 13.8923 2.32978 10.6079 0.737853 17.5267 2.03127 
54 17.6898 3.75451 13.9757 2.35767 10.4787 0.731834 17.5618 2.02651 
54.1 17.8099 3.8073 14.0526 2.38477 10.341 0.725282 17.6052 2.02278 
54.2 17.9221 3.85908 14.1229 2.41104 10.1946 0.71819 17.6568 2.02007 
54.3 18.0261 3.90978 14.1864 2.43644 10.0395 0.71055 17.7165 2.01838 
54.4 18.1217 3.95936 14.2428 2.46095 9.87549 0.702354 17.7841 2.01769 
54.5 18.2086 4.00774 14.292 2.48452 9.7026 0.693596 17.8598 2.01799 
54.6 18.2866 4.05488 14.3337 2.50713 9.52078 0.684269 17.9433 2.01927 
54.7 18.3554 4.10072 14.3679 2.52875 9.33002 0.674368 18.0346 2.02153 
54.8 18.4148 4.14519 14.3943 2.54933 9.13032 0.663888 18.1337 2.02474 
54.9 18.4647 4.18823 14.4128 2.56884 8.92174 0.652827 18.2403 2.0289 
55 18.5046 4.2298 14.4231 2.58725 8.70436 0.641183 18.3545 2.034 
55.1 18.5345 4.26981 14.425 2.60452 8.47831 0.628955 18.476 2.04003 
55.2 18.554 4.30823 14.4185 2.62063 8.24379 0.616145 18.6048 2.04698 
55.3 18.5629 4.34498 14.4033 2.63552 8.00102 0.602758 18.7407 2.05484 
55.4 18.5612 4.38 14.3793 2.64918 7.75033 0.588799 18.8835 2.06358 
55.5 18.5485 4.41324 14.3464 2.66156 7.49211 0.57428 19.0331 2.07321 
55.6 18.5247 4.44464 14.3044 2.67264 7.22684 0.559213 19.1892 2.08371 
55.7 18.4897 4.47414 14.2533 2.68237 6.9551 0.543615 19.3516 2.09505 
55.8 18.4433 4.50167 14.1929 2.69074 6.67759 0.52751 19.5201 2.10723 
55.9 18.3854 4.5272 14.1233 2.6977 6.39511 0.510923 19.6944 2.12022 
56 18.3161 4.55065 14.0444 2.70323 6.10861 0.493888 19.8741 2.13402 
56.1 18.2352 4.57199 13.9563 2.70731 5.81917 0.476445 20.059 2.14858 
56.2 18.1428 4.59115 13.859 2.70991 5.52797 0.458639 20.2487 2.16389 
56.3 18.039 4.6081 13.7526 2.711 5.23636 0.440522 20.4429 2.17993 
56.4 17.924 4.62279 13.6374 2.71058 4.94576 0.422157 20.6411 2.19667 
56.5 17.7979 4.63518 13.5134 2.70862 4.65767 0.403609 20.8432 2.21408 
56.6 17.661 4.64524 13.3811 2.70512 4.37366 0.384954 21.0486 2.23213 
56.7 17.5136 4.65294 13.2407 2.70007 4.09526 0.366269 21.257 2.25079 
56.8 17.3561 4.65826 13.0926 2.69347 3.82398 0.347638 21.4682 2.27003 
56.9 17.1888 4.66119 12.9372 2.68533 3.56121 0.329148 21.6817 2.28981 
57 17.0123 4.66171 12.775 2.67564 3.30822 0.310884 21.8974 2.3101 
57.1 16.8271 4.65981 12.6063 2.66444 3.06607 0.292933 22.115 2.33087 
57.2 16.6336 4.65552 12.4318 2.65174 2.83565 0.275375 22.3342 2.35209 
57.3 16.4325 4.64883 12.2519 2.63756 2.61762 0.258287 22.5548 2.37373 
57.4 16.2243 4.63976 12.0672 2.62194 2.41245 0.241737 22.7767 2.39576 
57.5 16.0096 4.62834 11.8783 2.60491 2.22035 0.225786 22.9995 2.41815 
57.6 15.789 4.61461 11.6855 2.58651 2.0414 0.210485 23.2232 2.44086 
57.7 15.5632 4.59859 11.4896 2.56679 1.87545 0.195876 23.4475 2.46388 
57.8 15.3327 4.58034 11.2909 2.54579 1.72223 0.18199 23.6722 2.48717 
57.9 15.098 4.5599 11.0901 2.52358 1.58133 0.168847 23.8972 2.51071 
58 14.8598 4.53733 10.8875 2.5002 1.45223 0.15646 24.1223 2.53448 
58.1 14.6186 4.51269 10.6837 2.47571 1.33435 0.144831 24.3472 2.55843 
58.2 14.3749 4.48604 10.479 2.45017 1.22703 0.133956 24.5718 2.58257 
58.3 14.1292 4.45745 10.2739 2.42364 1.1296 0.12382 24.7959 2.60684 
58.4 13.882 4.42699 10.0688 2.39619 1.04133 0.114406 25.0192 2.63124 
58.5 13.6338 4.39473 9.86404 2.36788 0.961536 0.105689 25.2417 2.65574 
58.6 13.385 4.36076 9.65993 2.33876 0.889516 0.0976404 25.4632 2.68032 
58.7 13.1361 4.32513 9.4568 2.30891 0.824602 0.0902298 25.6834 2.70495 
58.8 12.8872 4.28795 9.25492 2.27839 0.766153 0.083423 25.9022 2.7296 
58.9 12.639 4.24928 9.05456 2.24726 0.713563 0.0771846 26.1195 2.75427 
59 12.3915 4.20921 8.85596 2.21559 0.666265 0.0714789 26.3352 2.77892 
59.1 12.1453 4.16782 8.65933 2.18342 0.623737 0.0662698 26.549 2.80354 
59.2 11.9005 4.12519 8.46486 2.15083 0.585494 0.0615216 26.7609 2.8281 
59.3 11.6574 4.0814 8.27272 2.11787 0.551095 0.0571997 26.9708 2.85259 
59.4 11.4163 4.03653 8.08307 2.0846 0.520138 0.0532704 27.1785 2.87699 
59.5 11.1774 3.99066 7.89603 2.05106 0.49226 0.0497016 27.384 2.90128 
59.6 10.9408 3.94386 7.71174 2.01732 0.467134 0.046463 27.5872 2.92545 
59.7 10.7068 3.89623 7.53029 1.98342 0.444465 0.0435259 27.7879 2.94947 
59.8 10.4754 3.84782 7.35177 1.94941 0.423991 0.0408634 27.9862 2.97333 
59.9 10.247 3.79872 7.17626 1.91534 0.405475 0.0384506 28.1819 2.99703 
60 10.0215 3.74899 7.00381 1.88124 0.388709 0.0362645 28.375 3.02053 
60.1 9.79914 3.69871 6.83449 1.84717 0.373508 0.0342836 28.5654 3.04384 
60.2 9.57998 3.64795 6.66832 1.81317 0.359704 0.0324885 28.7531 3.06694 
60.3 9.36411 3.59676 6.50534 1.77926 0.347154 0.0308614 28.9381 3.08981 
60.4 9.15162 3.54522 6.34557 1.74549 0.335725 0.029386 29.1203 3.11246 
60.5 8.94256 3.49339 6.18902 1.71188 0.325305 0.0280474 29.2996 3.13486 
60.6 8.73699 3.44133 6.0357 1.67847 0.315791 0.0268323 29.4762 3.15702 
60.7 8.53495 3.38909 5.88561 1.64529 0.307093 0.0257286 29.6499 3.17891 
60.8 8.33649 3.33674 5.73874 1.61237 0.299133 0.0247253 29.8207 3.20054 
60.9 8.14163 3.28431 5.59508 1.57973 0.291839 0.0238127 29.9887 3.2219 
61 7.95038 3.23187 5.45461 1.54738 0.285151 0.0229819 30.1537 3.24297 
61.1 7.76276 3.17947 5.3173 1.51537 0.279013 0.0222249 30.3159 3.26377 
61.2 7.57878 3.12714 5.18313 1.4837 0.273376 0.0215347 30.4752 3.28427 
61.3 7.39844 3.07494 5.05207 1.45239 0.268199 0.0209048 30.6316 3.30449 
61.4 7.22172 3.0229 4.92409 1.42146 0.263442 0.0203297 30.7851 3.3244 
61.5 7.04861 2.97106 4.79915 1.39092 0.259071 0.0198041 30.9358 3.34401 
61.6 6.87911 2.91947 4.67721 1.3608 0.255058 0.0193236 31.0836 3.36333 
61.7 6.71319 2.86816 4.55823 1.33109 0.251375 0.0188841 31.2285 3.38233 
61.8 6.55082 2.81716 4.44216 1.30181 0.247999 0.018482 31.3707 3.40103 
61.9 6.39198 2.7665 4.32897 1.27297 0.244909 0.018114 31.51 3.41942 
62 6.23663 2.71622 4.2186 1.24458 0.242086 0.0177773 31.6466 3.4375 
62.1 6.08474 2.66634 4.11102 1.21664 0.239513 0.0174693 31.7804 3.45528 
62.2 5.93628 2.61688 4.00616 1.18916 0.237177 0.0171878 31.9114 3.47274 
62.3 5.7912 2.56788 3.90399 1.16215 0.235064 0.0169306 32.0397 3.48989 
62.4 5.64947 2.51935 3.80446 1.13561 0.233163 0.016696 32.1654 3.50673 
62.5 5.51103 2.47131 3.70751 1.10954 0.231462 0.0164824 32.2884 3.52326 
62.6 5.37585 2.42379 3.61309 1.08395 0.229954 0.0162883 32.4087 3.53949 
62.7 5.24388 2.3768 3.52116 1.05883 0.22863 0.0161125 32.5265 3.55541 
62.8 5.11507 2.33037 3.43166 1.03418 0.227483 0.0159537 32.6417 3.57102 
62.9 4.98938 2.28449 3.34455 1.01002 0.226506 0.0158111 32.7544 3.58633 
63 4.86675 2.23919 3.25978 0.986331 0.225696 0.0156837 32.8645 3.60134 
63.1 4.74713 2.19448 3.17729 0.963116 0.225046 0.0155707 32.9722 3.61605 
63.2 4.63048 2.15037 3.09704 0.940374 0.224552 0.0154715 33.0775 3.63046 
63.3 4.51674 2.10687 3.01898 0.918103 0.224213 0.0153853 33.1804 3.64458 
63.4 4.40587 2.06399 2.94306 0.8963 0.224024 0.0153117 33.2809 3.65841 
63.5 4.29781 2.02174 2.86924 0.874961 0.223983 0.0152502 33.3791 3.67195 
63.6 4.19251 1.98012 2.79747 0.854083 0.224089 0.0152004 33.475 3.6852 
63.7 4.08992 1.93913 2.7277 0.833661 0.224341 0.015162 33.5686 3.69818 
63.8 3.98998 1.89879 2.65988 0.813692 0.224738 0.0151345 33.6601 3.71087 
63.9 3.89266 1.8591 2.59398 0.794171 0.225279 0.0151179 33.7493 3.72329 
64 3.7979 1.82006 2.52995 0.775093 0.225965 0.0151118 33.8365 3.73544 
64.1 3.70564 1.78167 2.46775 0.756452 0.226796 0.0151162 33.9215 3.74731 
64.2 3.61585 1.74393 2.40733 0.738243 0.227774 0.0151308 34.0045 3.75893 
64.3 3.52847 1.70684 2.34865 0.720462 0.2289 0.0151557 34.0854 3.77028 
64.4 3.44344 1.67041 2.29168 0.703101 0.230175 0.0151907 34.1644 3.78137 
64.5 3.36074 1.63463 2.23637 0.686156 0.231603 0.0152359 34.2414 3.79221 
64.6 3.2803 1.5995 2.18269 0.66962 0.233186 0.0152913 34.3165 3.80281 
64.7 3.20209 1.56502 2.13059 0.653487 0.234927 0.0153568 34.3897 3.81315 
64.8 3.12605 1.53119 2.08005 0.637751 0.23683 0.0154327 34.4611 3.82326 
64.9 3.05214 1.498 2.03103 0.622406 0.2389 0.0155191 34.5306 3.83312 
65 2.98033 1.46546 1.98348 0.607445 0.241141 0.015616 34.5985 3.84276 
65.1 2.91056 1.43355 1.93739 0.592863 0.243559 0.0157237 34.6645 3.85216 
65.2 2.8428 1.40228 1.89272 0.578652 0.246159 0.0158424 34.7289 3.86134 
65.3 2.777 1.37163 1.84943 0.564807 0.248948 0.0159724 34.7916 3.87029 
65.4 2.71312 1.34161 1.80749 0.551322 0.251934 0.016114 34.8527 3.87903 
65.5 2.65113 1.31221 1.76688 0.538189 0.255124 0.0162674 34.9123 3.88755 
65.6 2.59099 1.28342 1.72757 0.525404 0.258527 0.0164331 34.9702 3.89587 
65.7 2.53266 1.25524 1.68952 0.512959 0.262153 0.0166115 35.0266 3.90398 
65.8 2.4761 1.22766 1.65272 0.500848 0.266011 0.0168031 35.0816 3.91188 
65.9 2.42129 1.20069 1.61714 0.489066 0.270114 0.0170083 35.135 3.91959 
66 2.36818 1.1743 1.58275 0.477607 0.274473 0.0172278 35.1871 3.9271 
66.1 2.31675 1.14849 1.54953 0.466464 0.279102 0.0174621 35.2378 3.93443 
66.2 2.26697 1.12327 1.51747 0.455632 0.284016 0.017712 35.287 3.94157 
66.3 2.2188 1.09861 1.48653 0.445105 0.289231 0.0179781 35.335 3.94852 
66.4 2.17222 1.07452 1.45669 0.434878 0.294764 0.0182612 35.3817 3.9553 
66.5 2.1272 1.05099 1.42795 0.424944 0.300635 0.0185624 35.427 3.9619 
66.6 2.08372 1.02802 1.40029 0.4153 0.306864 0.0188825 35.4712 3.96833 
66.7 2.04175 1.00559 1.37368 0.405939 0.313474 0.0192225 35.5141 3.97459 
66.8 2.00127 0.983694 1.34811 0.396856 0.32049 0.0195838 35.5558 3.98068 
66.9 1.96226 0.962334 1.32357 0.388048 0.327941 0.0199674 35.5964 3.98662 
67 1.9247 0.941501 1.30005 0.379508 0.335855 0.0203748 35.6358 3.9924 
67.1 1.88858 0.921188 1.27754 0.371232 0.344266 0.0208076 35.6741 3.99802 
67.2 1.85387 0.901388 1.25603 0.363217 0.353211 0.0212674 35.7113 4.00349 
67.3 1.82057 0.882095 1.23552 0.355457 0.362731 0.021756 35.7474 4.00881 
67.4 1.78866 0.863304 1.21599 0.347949 0.372869 0.0222755 35.7825 4.01399 
67.5 1.75814 0.845008 1.19744 0.340689 0.383676 0.0228281 35.8166 4.01903 
67.6 1.72899 0.827202 1.17988 0.333674 0.395206 0.0234162 35.8496 4.02393 
67.7 1.70122 0.80988 1.16331 0.326899 0.407522 0.0240426 35.8817 4.02869 
67.8 1.67483 0.793038 1.14772 0.320363 0.420691 0.0247103 35.9128 4.03332 
67.9 1.64981 0.776669 1.13314 0.314062 0.43479 0.0254226 35.943 4.03782 
68 1.62618 0.760769 1.11956 0.307994 0.449905 0.0261833 35.9722 4.0422 
68.1 1.60393 0.745335 1.10699 0.302157 0.466134 0.0269966 36.0005 4.04645 
68.2 1.5831 0.730361 1.09547 0.296548 0.483587 0.0278671 36.0279 4.05057 
68.3 1.56368 0.715845 1.085 0.291167 0.502386 0.0288 36.0544 4.05458 
68.4 1.54572 0.701783 1.07561 0.286012 0.522675 0.0298013 36.08 4.05846 
68.5 1.52923 0.688172 1.06733 0.281082 0.544615 0.0308777 36.1047 4.06223 
68.6 1.51426 0.675011 1.0602 0.276378 0.568389 0.0320368 36.1286 4.06589 
68.7 1.50084 0.662298 1.05427 0.2719 0.594209 0.0332871 36.1515 4.06943 
68.8 1.48904 0.650032 1.04958 0.267648 0.62232 0.0346384 36.1736 4.07286 
68.9 1.47891 0.638213 1.0462 0.263625 0.653001 0.036102 36.1948 4.07619 
69 1.47052 0.626842 1.04419 0.259833 0.686576 0.0376908 36.2151 4.0794 
69.1 1.46398 0.615922 1.04363 0.256274 0.723419 0.0394194 36.2345 4.08251 
69.2 1.45937 0.605454 1.04463 0.252954 0.763963 0.0413049 36.253 4.0855 
69.3 1.45682 0.595445 1.0473 0.249876 0.808706 0.0433669 36.2705 4.08839 
69.4 1.45647 0.585898 1.05175 0.247049 0.858223 0.045628 36.287 4.09117 
69.5 1.45847 0.576824 1.05815 0.244479 0.91317 0.048114 36.3024 4.09385 
69.6 1.46302 0.568229 1.06666 0.242176 0.974293 0.0508548 36.3167 4.09641 
69.7 1.47034 0.560127 1.07749 0.240151 1.04243 0.0538843 36.3297 4.09885 
69.8 1.48066 0.552532 1.09085 0.238417 1.11851 0.0572413 36.3414 4.10118 
69.9 1.49427 0.54546 1.107 0.23699 1.20354 0.0609692 36.3517 4.10339 
70 1.51147 0.538931 1.12623 0.235888 1.29858 0.065116 36.3602 4.10547 
70.1 1.53262 0.53297 1.14883 0.235131 1.40469 0.0697344 36.367 4.10742 
70.2 1.55808 0.527602 1.17516 0.234743 1.52293 0.07488 36.3715 4.10921 
70.3 1.58825 0.522858 1.20556 0.23475 1.65422 0.0806108 36.3736 4.11085 
70.4 1.62355 0.518774 1.24041 0.235181 1.79931 0.0869843 36.3728 4.11232 
70.5 1.66439 0.515387 1.28007 0.236069 1.95869 0.0940551 36.3686 4.11358 
70.6 1.71121 0.51274 1.3249 0.23745 2.13253 0.101872 36.3603 4.11463 
70.7 1.7644 0.510878 1.37527 0.239359 2.32063 0.110475 36.3472 4.11543 
70.8 1.82433 0.509851 1.43147 0.241837 2.52245 0.119892 36.3285 4.11593 
70.9 1.89136 0.509707 1.49379 0.244924 2.73707 0.130136 36.303 4.1161 
71 1.96577 0.510502 1.56247 0.248661 2.9633 0.141207 36.2696 4.11587 
71.1 2.04783 0.512288 1.6377 0.253089 3.19971 0.153085 36.2269 4.11519 
71.2 2.13774 0.515119 1.71962 0.25825 3.44471 0.165739 36.1735 4.11398 
71.3 2.23564 0.51905 1.80832 0.264182 3.69666 0.179122 36.1077 4.11214 
71.4 2.34165 0.524134 1.90384 0.270925 3.95388 0.193174 36.028 4.10959 
71.5 2.45581 0.530423 2.0062 0.278512 4.21477 0.207829 35.9326 4.10621 
71.6 2.57815 0.537965 2.11535 0.286979 4.47778 0.22301 35.8197 4.10189 
71.7 2.70862 0.546809 2.23122 0.296354 4.74151 0.238639 35.6878 4.0965 
71.8 2.84715 0.556997 2.35368 0.306665 5.00467 0.254634 35.5353 4.0899 
71.9 2.99364 0.568572 2.48261 0.317935 5.26614 0.270914 35.3607 4.08197 
72 3.14795 0.58157 2.61782 0.330185 5.52491 0.287399 35.1631 4.07255 
72.1 3.30991 0.596024 2.75914 0.343429 5.78015 0.304014 34.9414 4.06153 
72.2 3.47931 0.611963 2.90633 0.357682 6.03114 0.320688 34.695 4.04877 
72.3 3.65596 0.629414 3.05919 0.372951 6.27727 0.337352 34.4238 4.03414 
72.4 3.83961 0.648397 3.21745 0.389241 6.51809 0.353947 34.1279 4.01754 
72.5 4.03 0.668928 3.38088 0.406556 6.75319 0.370417 33.8077 3.99889 
72.6 4.22688 0.691021 3.5492 0.424891 6.98229 0.386713 33.4641 3.9781 
72.7 4.42997 0.714684 3.72214 0.444242 7.20519 0.402792 33.0983 3.95513 
72.8 4.63896 0.739921 3.89943 0.464601 7.42173 0.418617 32.7118 3.92994 
72.9 4.85359 0.766731 4.0808 0.485955 7.63183 0.434156 32.3064 3.90253 
73 5.07354 0.795112 4.26596 0.508291 7.83547 0.449382 31.8842 3.87293 
73.1 5.29851 0.825056 4.45465 0.531591 8.03266 0.464273 31.4474 3.84118 
73.2 5.5282 0.856552 4.64658 0.555836 8.22345 0.478812 30.9985 3.80735 
73.3 5.7623 0.889585 4.84149 0.581004 8.40794 0.492986 30.5398 3.77154 
73.4 6.00053 0.924137 5.03911 0.607071 8.58622 0.506784 30.0738 3.73385 
73.5 6.24256 0.960187 5.23918 0.634012 8.75843 0.5202 29.603 3.69443 
73.6 6.48812 0.997712 5.44144 0.661798 8.9247 0.533231 29.1298 3.65342 
73.7 6.73691 1.03668 5.64565 0.690402 9.08516 0.545876 28.6564 3.61098 
73.8 6.98863 1.07708 5.85157 0.719792 9.23994 0.558133 28.1849 3.56729 
73.9 7.243 1.11885 6.05895 0.749938 9.38917 0.570007 27.7173 3.52252 
74 7.49975 1.16198 6.26756 0.780808 9.53296 0.581499 27.2554 3.47685 
74.1 7.75859 1.20643 6.47719 0.812367 9.67139 0.592614 26.8006 3.43047 
74.2 8.01927 1.25216 6.6876 0.844582 9.80456 0.603356 26.3544 3.38356 
74.3 8.2815 1.29913 6.89859 0.877419 9.93253 0.613728 25.9179 3.3363 
74.4 8.54503 1.3473 7.10994 0.910843 10.0553 0.623736 25.4922 3.28885 
74.5 8.8096 1.39662 7.32146 0.944818 10.173 0.633383 25.0781 3.24138 
74.6 9.07495 1.44706 7.53294 0.979309 10.2856 0.642672 24.6763 3.19404 
74.7 9.34084 1.49857 7.74418 1.01428 10.3931 0.651607 24.2872 3.14698 
74.8 9.60702 1.55109 7.95501 1.04969 10.4955 0.66019 23.9113 3.10034 
74.9 9.87325 1.6046 8.16522 1.08552 10.5927 0.668423 23.549 3.05423 
75 10.1393 1.65903 8.37463 1.12171 10.6848 0.676307 23.2003 3.00877 
75.1 10.4049 1.71434 8.58308 1.15824 10.7718 0.683842 22.8654 2.96407 
75.2 10.6698 1.77047 8.79037 1.19507 10.8534 0.691029 22.5444 2.92021 
75.3 10.9339 1.82739 8.99633 1.23216 10.9298 0.697868 22.2372 2.87728 
75.4 11.1968 1.88503 9.2008 1.26948 11.0009 0.704356 21.9437 2.83534 
75.5 11.4584 1.94335 9.4036 1.30699 11.0665 0.710492 21.6639 2.79447 
75.6 11.7185 2.00229 9.60456 1.34466 11.1266 0.716274 21.3975 2.7547 
75.7 11.9767 2.06181 9.80352 1.38245 11.1812 0.721699 21.1445 2.7161 
75.8 12.233 2.12185 10.0003 1.42032 11.2301 0.726764 20.9045 2.6787 
75.9 12.487 2.18235 10.1948 1.45824 11.2733 0.731465 20.6774 2.64252 
76 12.7386 2.24327 10.3868 1.49618 11.3107 0.735797 20.463 2.6076 
76.1 12.9875 2.30454 10.5761 1.53411 11.3421 0.739756 20.2611 2.57395 
76.2 13.2335 2.36613 10.7626 1.57197 11.3674 0.743338 20.0714 2.54159 
76.3 13.4765 2.42796 10.9461 1.60976 11.3867 0.746536 19.8936 2.51052 
76.4 13.7162 2.49 11.1265 1.64741 11.3996 0.749344 19.7276 2.48075 
76.5 13.9523 2.55217 11.3037 1.68492 11.4061 0.751757 19.5731 2.45229 
76.6 14.1848 2.61444 11.4773 1.72223 11.4062 0.753768 19.43 2.42514 
76.7 14.4133 2.67674 11.6473 1.75932 11.3996 0.75537 19.2979 2.39928 
76.8 14.6376 2.73902 11.8136 1.79616 11.3862 0.756556 19.1767 2.37471 
76.9 14.8575 2.80122 11.9759 1.8327 11.3658 0.757317 19.0663 2.35143 
77 15.0729 2.86329 12.134 1.86892 11.3385 0.757646 18.9663 2.32943 
77.1 15.2834 2.92517 12.2879 1.90479 11.3039 0.757535 18.8766 2.30869 
77.2 15.4889 2.98682 12.4373 1.94026 11.2619 0.756976 18.7972 2.28921 
77.3 15.6891 3.04816 12.5821 1.97531 11.2125 0.755959 18.7277 2.27097 
77.4 15.8837 3.10914 12.7221 2.0099 11.1554 0.754475 18.668 2.25395 
77.5 16.0727 3.16971 12.8571 2.044 11.0904 0.752515 18.6181 2.23815 
77.6 16.2557 3.22981 12.987 2.07757 11.0175 0.750069 18.5777 2.22356 
77.7 16.4325 3.28939 13.1115 2.11059 10.9365 0.747128 18.5468 2.21014 
77.8 16.6028 3.34837 13.2304 2.14301 10.8471 0.743681 18.5252 2.19791 
77.9 16.7665 3.40672 13.3436 2.1748 10.7493 0.739719 18.5128 2.18683 
78 16.9232 3.46436 13.4509 2.20593 10.6429 0.735232 18.5095 2.17689 
78.1 17.0727 3.52124 13.5521 2.23637 10.5276 0.730208 18.5152 2.16809 
78.2 17.2148 3.57729 13.6469 2.26607 10.4035 0.724639 18.5299 2.16041 
78.3 17.3491 3.63247 13.7353 2.29501 10.2703 0.718513 18.5534 2.15384 
78.4 17.4755 3.6867 13.8169 2.32314 10.1279 0.71182 18.5856 2.14836 
78.5 17.5936 3.73993 13.8915 2.35043 9.97617 0.704552 18.6266 2.14396 
78.6 17.7032 3.79209 13.959 2.37685 9.815 0.696698 18.676 2.14064 
78.7 17.804 3.84313 14.0191 2.40235 9.64431 0.68825 18.734 2.13837 
78.8 17.8958 3.89297 14.0717 2.42691 9.464 0.679199 18.8004 2.13715 
78.9 17.9782 3.94156 14.1164 2.45047 9.27405 0.669537 18.8751 2.13697 
79 18.0511 3.98882 14.1532 2.47301 9.07442 0.659259 18.958 2.13781 
79.1 18.114 4.0347 14.1817 2.49449 8.86515 0.648359 19.049 2.13967 
79.2 18.1668 4.07914 14.2017 2.51486 8.64628 0.636832 19.148 2.14253 
79.3 18.2091 4.12205 14.2131 2.5341 8.41794 0.624677 19.2549 2.14638 
79.4 18.2407 4.16339 14.2157 2.55215 8.1803 0.611893 19.3695 2.15121 
79.5 18.2614 4.20308 14.2092 2.56898 7.9336 0.598484 19.4917 2.157 
79.6 18.2709 4.24105 14.1935 2.58456 7.67816 0.584455 19.6213 2.16375 
79.7 18.269 4.27724 14.1684 2.59884 7.41442 0.569814 19.7581 2.17144 
79.8 18.2555 4.31159 14.1337 2.61179 7.1429 0.554576 19.9018 2.18005 
79.9 18.2302 4.34402 14.0895 2.62337 6.86426 0.538758 20.0524 2.18957 
80 18.1929 4.37448 14.0354 2.63354 6.57929 0.522385 20.2094 2.19998 
80.1 18.1436 4.4029 13.9716 2.64227 6.28893 0.505485 20.3726 2.21126 
80.2 18.0822 4.42922 13.8979 2.64952 5.99428 0.488096 20.5418 2.22339 
80.3 18.0086 4.45338 13.8144 2.65527 5.69661 0.470262 20.7166 2.23635 
80.4 17.9229 4.47532 13.7213 2.65948 5.39733 0.452037 20.8966 2.25012 
80.5 17.8251 4.495 13.6185 2.66214 5.09801 0.433482 21.0815 2.26467 
80.6 17.7155 4.51237 13.5063 2.66322 4.80031 0.414667 21.271 2.27996 
80.7 17.5943 4.52737 13.385 2.6627 4.50599 0.39567 21.4647 2.29598 
80.8 17.4617 4.53998 13.2548 2.66058 4.21681 0.376577 21.6623 2.31269 
80.9 17.3181 4.55016 13.1161 2.65683 3.9345 0.357479 21.8634 2.33007 
81 17.1639 4.55789 12.9694 2.65148 3.6607 0.338472 22.0676 2.34808 
81.1 16.9996 4.56315 12.8151 2.64451 3.39688 0.319652 22.2747 2.36668 
81.2 16.8257 4.56592 12.6537 2.63594 3.14431 0.301115 22.4844 2.38585 
81.3 16.6428 4.56621 12.4857 2.62578 2.90404 0.282955 22.6964 2.40555 
81.4 16.4515 4.56402 12.3118 2.61407 2.67686 0.265258 22.9104 2.42575 
81.5 16.2523 4.55935 12.1324 2.60082 2.46329 0.248104 23.1262 2.44643 
81.6 16.0459 4.55224 11.9481 2.58607 2.26362 0.231561 23.3435 2.46753 
81.7 15.833 4.54271 11.7595 2.56986 2.07791 0.215689 23.562 2.48905 
81.8 15.6141 4.53079 11.5672 2.55223 1.906 0.200536 23.7816 2.51094 
81.9 15.3899 4.51653 11.3717 2.53324 1.74759 0.186136 24.0019 2.53317 
82 15.161 4.49997 11.1736 2.51293 1.6022 0.172516 24.2228 2.55571 
82.1 14.928 4.48116 10.9733 2.49136 1.46926 0.159687 24.4439 2.57854 
82.2 14.6915 4.46016 10.7714 2.46859 1.3481 0.147654 24.6651 2.60162 
82.3 14.452 4.43704 10.5683 2.44468 1.238 0.136412 24.886 2.62492 
82.4 14.2101 4.41185 10.3645 2.41969 1.13822 0.125945 25.1066 2.64842 
82.5 13.9663 4.38469 10.1604 2.39369 1.04798 0.116234 25.3266 2.67209 
82.6 13.7211 4.3556 9.95638 2.36674 0.966529 0.107252 25.5457 2.69589 
82.7 13.4749 4.32468 9.75275 2.33892 0.893121 0.0989695 25.7638 2.7198 
82.8 13.2281 4.292 9.54989 2.31027 0.827043 0.0913517 25.9807 2.7438 
82.9 12.9812 4.25765 9.34807 2.28088 0.767614 0.0843627 26.1962 2.76786 
83 12.7345 4.22169 9.1476 2.2508 0.714199 0.0779645 26.4102 2.79195 
83.1 12.4885 4.18423 8.94871 2.22011 0.666204 0.072119 26.6225 2.81605 
83.2 12.2433 4.14533 8.75165 2.18886 0.623082 0.0667879 26.8329 2.84013 
83.3 11.9994 4.10508 8.55661 2.15711 0.584331 0.0619333 27.0414 2.86418 
83.4 11.7569 4.06357 8.36378 2.12493 0.549494 0.0575187 27.2478 2.88817 
83.5 11.5162 4.02088 8.17333 2.09237 0.518156 0.0535088 27.452 2.91207 
83.6 11.2775 3.97708 7.9854 2.05949 0.489945 0.0498698 27.654 2.93588 
83.7 11.041 3.93226 7.80012 2.02636 0.464523 0.0465701 27.8535 2.95957 
83.8 10.8069 3.88651 7.61761 1.99301 0.441589 0.0435796 28.0507 2.98313 
83.9 10.5753 3.83989 7.43797 1.9595 0.420875 0.0408704 28.2453 3.00654 
84 10.3464 3.79248 7.26126 1.92588 0.402142 0.0384168 28.4373 3.02977 
84.1 10.1205 3.74437 7.08758 1.89219 0.385175 0.0361946 28.6266 3.05283 
84.2 9.89746 3.69561 6.91697 1.85848 0.369787 0.0341821 28.8133 3.07569 
84.3 9.67757 3.64629 6.74948 1.8248 0.355809 0.0323589 28.9973 3.09835 
84.4 9.46087 3.59647 6.58514 1.79117 0.343093 0.0307067 29.1785 3.12078 
84.5 9.24747 3.54622 6.42399 1.75764 0.331507 0.0292088 29.3569 3.14298 
84.6 9.03742 3.4956 6.26604 1.72425 0.320936 0.02785 29.5324 3.16495 
84.7 8.83079 3.44467 6.1113 1.69102 0.311276 0.0266167 29.7052 3.18666 
84.8 8.62763 3.3935 5.95977 1.65799 0.302437 0.0254963 29.875 3.20812 
84.9 8.42799 3.34215 5.81146 1.62519 0.29434 0.0244777 30.042 3.22931 
85 8.23189 3.29066 5.66634 1.59263 0.286912 0.0235509 30.2062 3.25023 
85.1 8.03937 3.2391 5.52441 1.56036 0.280091 0.0227068 30.3674 3.27087 
85.2 7.85044 3.18751 5.38564 1.52839 0.273822 0.0219374 30.5258 3.29123 
85.3 7.6651 3.13594 5.25002 1.49674 0.268056 0.0212355 30.6813 3.31129 
85.4 7.48338 3.08444 5.11751 1.46543 0.26275 0.0205945 30.8339 3.33107 
85.5 7.30525 3.03306 4.98808 1.43449 0.257864 0.0200086 30.9836 3.35055 
85.6 7.13072 2.98183 4.8617 1.40392 0.253365 0.0194727 31.1305 3.36973 
85.7 6.95977 2.93079 4.73833 1.37374 0.249222 0.0189822 31.2746 3.38861 
85.8 6.79238 2.87998 4.61793 1.34396 0.245409 0.018533 31.4159 3.40719 
85.9 6.62853 2.82945 4.50046 1.3146 0.241901 0.0181213 31.5543 3.42546 
86 6.46821 2.77921 4.38588 1.28567 0.238678 0.0177439 31.69 3.44342 
86.1 6.31137 2.72931 4.27413 1.25717 0.23572 0.0173978 31.823 3.46107 
86.2 6.15798 2.67977 4.16518 1.22912 0.233011 0.0170805 31.9532 3.47842 
86.3 6.00802 2.63062 4.05898 1.20151 0.230535 0.0167897 32.0807 3.49546 
86.4 5.86144 2.58189 3.95548 1.17437 0.228279 0.0165232 32.2055 3.51219 
86.5 5.71821 2.5336 3.85462 1.14768 0.226231 0.0162792 32.3277 3.52862 
86.6 5.57828 2.48578 3.75637 1.12146 0.224381 0.0160561 32.4472 3.54473 
86.7 5.44161 2.43844 3.66067 1.09571 0.222719 0.0158524 32.5642 3.56055 
86.8 5.30815 2.3916 3.56748 1.07042 0.221236 0.0156668 32.6786 3.57606 
86.9 5.17787 2.34529 3.47674 1.04561 0.219926 0.0154982 32.7905 3.59127 
87 5.0507 2.29951 3.3884 1.02127 0.218781 0.0153454 32.8999 3.60618 
87.1 4.92661 2.25428 3.30241 0.997402 0.217797 0.0152076 33.0069 3.62079 
87.2 4.80555 2.20963 3.21873 0.974005 0.216967 0.015084 33.1114 3.63511 
87.3 4.68745 2.16555 3.1373 0.951076 0.216287 0.0149738 33.2135 3.64913 
87.4 4.57229 2.12206 3.05808 0.928616 0.215755 0.0148764 33.3133 3.66287 
87.5 4.46 2.07917 2.98103 0.90662 0.215365 0.0147912 33.4108 3.67632 
87.6 4.35053 2.03689 2.90608 0.885087 0.215116 0.0147177 33.506 3.68948 
87.7 4.24383 1.99522 2.83319 0.864013 0.215005 0.0146555 33.599 3.70236 
87.8 4.13986 1.95418 2.76233 0.843394 0.21503 0.0146042 33.6898 3.71497 
87.9 4.03856 1.91376 2.69344 0.823227 0.215191 0.0145635 33.7784 3.7273 
88 3.93988 1.87398 2.62647 0.803506 0.215485 0.014533 33.8649 3.73936 
88.1 3.84378 1.83483 2.56139 0.784228 0.215914 0.0145125 33.9493 3.75116 
88.2 3.75019 1.79632 2.49816 0.765387 0.216476 0.0145019 34.0317 3.76269 
88.3 3.65908 1.75845 2.43672 0.746978 0.217171 0.0145009 34.112 3.77396 
88.4 3.57039 1.72123 2.37703 0.728996 0.218001 0.0145095 34.1904 3.78498 
88.5 3.48407 1.68464 2.31907 0.711435 0.218967 0.0145275 34.2668 3.79574 
88.6 3.40008 1.6487 2.26277 0.69429 0.220069 0.0145549 34.3414 3.80626 
88.7 3.31837 1.61341 2.20812 0.677554 0.22131 0.0145916 34.414 3.81653 
88.8 3.23889 1.57875 2.15507 0.661222 0.222692 0.0146377 34.4849 3.82656 
88.9 3.1616 1.54473 2.10357 0.645288 0.224217 0.0146931 34.5539 3.83636 
89 3.08646 1.51136 2.05361 0.629745 0.225888 0.014758 34.6212 3.84592 
89.1 3.01341 1.47861 2.00513 0.614588 0.227709 0.0148324 34.6868 3.85525 
89.2 2.94241 1.4465 1.95811 0.59981 0.229684 0.0149164 34.7507 3.86436 
89.3 2.87342 1.41501 1.91252 0.585404 0.231816 0.0150102 34.813 3.87325 
89.4 2.80641 1.38414 1.86831 0.571365 0.234111 0.0151139 34.8736 3.88193 
89.5 2.74132 1.3539 1.82546 0.557687 0.236574 0.0152278 34.9327 3.89039 
89.6 2.67813 1.32427 1.78394 0.544362 0.23921 0.0153521 34.9902 3.89864 
89.7 2.61678 1.29525 1.74372 0.531385 0.242027 0.0154869 35.0462 3.90669 
89.8 2.55725 1.26683 1.70477 0.51875 0.24503 0.0156328 35.1008 3.91454 
89.9 2.49949 1.23901 1.66707 0.506449 0.248229 0.0157899 35.1539 3.92219 
90 2.44347 1.21178 1.63058 0.494478 0.25163 0.0159586 35.2055 3.92965 
90.1 2.38916 1.18514 1.59528 0.48283 0.255243 0.0161394 35.2558 3.93692 
90.2 2.33652 1.15908 1.56114 0.4715 0.259078 0.0163327 35.3048 3.94401 
90.3 2.28552 1.1336 1.52815 0.46048 0.263146 0.016539 35.3524 3.95091 
90.4 2.23613 1.10868 1.49628 0.449766 0.267457 0.0167588 35.3988 3.95764 
90.5 2.18831 1.08433 1.4655 0.439352 0.272026 0.0169928 35.4438 3.96419 
90.6 2.14205 1.06053 1.43581 0.429231 0.276866 0.0172415 35.4877 3.97057 
90.7 2.0973 1.03728 1.40717 0.419399 0.281991 0.0175056 35.5303 3.97679 
90.8 2.05405 1.01457 1.37958 0.409851 0.287418 0.0177861 35.5718 3.98284 
90.9 2.01227 0.992402 1.35301 0.40058 0.293166 0.0180835 35.6121 3.98874 
91 1.97193 0.970758 1.32744 0.391583 0.299253 0.018399 35.6513 3.99448 
91.1 1.93302 0.949637 1.30287 0.382853 0.3057 0.0187334 35.6895 4.00006 
91.2 1.89551 0.929032 1.27928 0.374386 0.312531 0.0190879 35.7265 4.0055 
91.3 1.85939 0.908936 1.25666 0.366177 0.319771 0.0194636 35.7625 4.01079 
91.4 1.82463 0.889342 1.23499 0.358222 0.327448 0.0198619 35.7974 4.01594 
91.5 1.79121 0.870245 1.21427 0.350517 0.335592 0.020284 35.8314 4.02095 
91.6 1.75914 0.851638 1.19449 0.343057 0.344236 0.0207317 35.8644 4.02582 
91.7 1.72838 0.833515 1.17564 0.335838 0.353417 0.0212065 35.8964 4.03056 
91.8 1.69894 0.815869 1.15772 0.328856 0.363176 0.0217103 35.9275 4.03517 
91.9 1.6708 0.798696 1.14073 0.322109 0.373557 0.0222451 35.9577 4.03965 
92 1.64396 0.78199 1.12466 0.315592 0.38461 0.0228132 35.987 4.04401 
92.1 1.61841 0.765744 1.10952 0.309302 0.396389 0.023417 36.0154 4.04824 
92.2 1.59415 0.749954 1.0953 0.303236 0.408956 0.0240593 36.0429 4.05235 
92.3 1.57119 0.734615 1.08203 0.297393 0.422378 0.0247431 36.0696 4.05635 
92.4 1.54952 0.719722 1.06969 0.291768 0.436731 0.0254716 36.0955 4.06023 
92.5 1.52916 0.705271 1.05831 0.286361 0.4521 0.0262487 36.1205 4.064 
92.6 1.51012 0.691257 1.0479 0.281169 0.468581 0.0270784 36.1448 4.06767 
92.7 1.49241 0.677678 1.03848 0.276191 0.486282 0.0279654 36.1682 4.07122 
92.8 1.47606 0.664529 1.03007 0.271425 0.505324 0.0289149 36.1908 4.07467 
92.9 1.46109 0.651809 1.02269 0.266872 0.525847 0.0299326 36.2127 4.07801 
93 1.44753 0.639514 1.01639 0.26253 0.548007 0.0310252 36.2338 4.08125 
93.1 1.43542 0.627644 1.01119 0.258401 0.571984 0.0322001 36.2541 4.08439 
93.2 1.42481 0.616196 1.00714 0.254484 0.597984 0.0334657 36.2737 4.08743 
93.3 1.41574 0.605171 1.00429 0.250781 0.626242 0.0348315 36.2924 4.09038 
93.4 1.40829 0.594569 1.00271 0.247294 0.657031 0.0363085 36.3104 4.09322 
93.5 1.40253 0.584391 1.00246 0.244026 0.690662 0.0379092 36.3276 4.09597 
93.6 1.39854 0.57464 1.00363 0.240979 0.727495 0.0396479 36.344 4.09863 
93.7 1.39643 0.56532 1.00631 0.238159 0.767947 0.0415411 36.3595 4.10119 
93.8 1.39631 0.556433 1.01061 0.235571 0.812495 0.0436076 36.3742 4.10366 
93.9 1.39833 0.547988 1.01665 0.233221 0.861688 0.0458691 36.3879 4.10602 
94 1.40264 0.539992 1.02459 0.231117 0.916156 0.0483507 36.4007 4.1083 
94.1 1.40942 0.532455 1.0346 0.22927 0.976611 0.0510808 36.4125 4.11047 
94.2 1.4189 0.525387 1.04685 0.227689 1.04386 0.0540922 36.4231 4.11254 
94.3 1.43129 0.518804 1.06158 0.226389 1.11878 0.0574218 36.4325 4.11451 
94.4 1.44689 0.512723 1.07903 0.225384 1.20235 0.0611114 36.4406 4.11637 
94.5 1.46599 0.507163 1.09947 0.224692 1.29559 0.065207 36.4472 4.11811 
94.6 1.48892 0.502147 1.12322 0.224334 1.39956 0.0697594 36.4521 4.11973 
94.7 1.51606 0.497702 1.15059 0.224332 1.51527 0.0748224 36.4549 4.12122 
94.8 1.54779 0.493858 1.18194 0.224714 1.64367 0.0804525 36.4556 4.12256 
94.9 1.58453 0.49065 1.21763 0.225506 1.78555 0.0867063 36.4535 4.12374 
95 1.6267 0.488116 1.25804 0.226742 1.94146 0.0936384 36.4484 4.12475 
95.1 1.67471 0.486296 1.30353 0.228456 2.11166 0.101298 36.4395 4.12555 
95.2 1.72897 0.485237 1.35445 0.230685 2.29606 0.109728 36.4262 4.12613 
95.3 1.78988 0.484986 1.41112 0.233468 2.49422 0.118958 36.4078 4.12644 
95.4 1.85777 0.485595 1.47383 0.236846 2.70534 0.129006 36.3831 4.12644 
95.5 1.93297 0.487116 1.54284 0.240859 2.92833 0.139874 36.3513 4.12608 
95.6 2.01574 0.489603 1.61835 0.245549 3.16182 0.15155 36.3109 4.12531 
95.7 2.1063 0.493112 1.70051 0.250958 3.4043 0.164005 36.2607 4.12404 
95.8 2.20482 0.497695 1.78943 0.257125 3.65414 0.177196 36.1991 4.12221 
95.9 2.31141 0.503408 1.88517 0.264089 3.90968 0.19107 36.1246 4.11972 
96 2.42615 0.510302 1.98775 0.271887 4.16929 0.20556 36.0356 4.11648 
96.1 2.54904 0.518428 2.09713 0.280552 4.43142 0.220593 35.9304 4.11236 
96.2 2.68009 0.527835 2.21324 0.290116 4.69461 0.236093 35.8075 4.10726 
96.3 2.81921 0.538568 2.33599 0.300607 4.95754 0.251978 35.6653 4.10104 
96.4 2.96631 0.550667 2.46524 0.312049 5.21903 0.268167 35.5024 4.09358 
96.5 3.12126 0.564173 2.60081 0.324463 5.47804 0.284579 35.3178 4.08475 
96.6 3.2839 0.57912 2.74254 0.337867 5.73368 0.301139 35.1104 4.07441 
96.7 3.45403 0.595537 2.89019 0.352273 5.9852 0.317773 34.8797 4.06245 
96.8 3.63144 0.613453 3.04355 0.367692 6.23194 0.334412 34.6252 4.04874 
96.9 3.8159 0.632888 3.20238 0.38413 6.47341 0.350994 34.347 4.03318 
97 4.00716 0.653861 3.36642 0.40159 6.70917 0.367461 34.0453 4.01568 
97.1 4.20495 0.676386 3.5354 0.420069 6.9389 0.383764 33.7208 3.99615 
97.2 4.40898 0.700473 3.70905 0.439563 7.16237 0.399855 33.3745 3.97454 
97.3 4.61898 0.726125 3.88709 0.460065 7.37941 0.415697 33.0078 3.95082 
97.4 4.83465 0.753345 4.06926 0.481564 7.5899 0.431255 32.6223 3.92496 
97.5 5.05568 0.78213 4.25525 0.504045 7.79379 0.4465 32.2197 3.89699 
97.6 5.28176 0.812472 4.4448 0.527491 7.99109 0.46141 31.8022 3.86694 
97.7 5.51259 0.844362 4.63763 0.551885 8.18182 0.475964 31.3719 3.83485 
97.8 5.74786 0.877785 4.83345 0.577203 8.36606 0.490148 30.9311 3.80082 
97.9 5.98727 0.912724 5.032 0.603423 8.54391 0.503951 30.4823 3.76494 
98 6.2305 0.949158 5.23301 0.630518 8.71548 0.517364 30.0276 3.72733 
98.1 6.47726 0.987064 5.43621 0.658461 8.8809 0.530384 29.5696 3.68813 
98.2 6.72724 1.02641 5.64136 0.687223 9.04031 0.543007 29.1102 3.64749 
98.3 6.98015 1.06718 5.8482 0.716774 9.19385 0.555234 28.6517 3.60556 
98.4 7.2357 1.10933 6.05649 0.747081 9.34165 0.567065 28.1959 3.56251 
98.5 7.49361 1.15284 6.266 0.778113 9.48382 0.578505 27.7447 3.51852 
98.6 7.75358 1.19765 6.47649 0.809836 9.62047 0.589556 27.2997 3.47376 
98.7 8.01536 1.24375 6.68773 0.842215 9.75169 0.600222 26.8622 3.4284 
98.8 8.27865 1.29108 6.89952 0.875216 9.87756 0.610508 26.4336 3.38262 
98.9 8.5432 1.3396 7.11163 0.908802 9.99813 0.620419 26.0148 3.33658 
99 8.80874 1.38928 7.32386 0.942939 10.1134 0.629958 25.6069 3.29045 
99.1 9.07502 1.44007 7.536 0.97759 10.2235 0.63913 25.2104 3.24437 
99.2 9.34177 1.49192 7.74786 1.01272 10.3284 0.647937 24.8261 3.19849 
99.3 9.60875 1.54478 7.95923 1.04829 10.428 0.656383 24.4544 3.15296 
99.4 9.87572 1.59862 8.16993 1.08426 10.5224 0.664469 24.0957 3.10788 
99.5 10.1424 1.65337 8.37977 1.1206 10.6115 0.672198 23.7502 3.06338 
99.6 10.4086 1.709 8.58857 1.15727 10.6953 0.679569 23.4181 3.01957 
99.7 10.6741 1.76545 8.79615 1.19424 10.7738 0.686583 23.0994 2.97653 
99.8 10.9385 1.82266 9.00231 1.23146 10.8468 0.69324 22.7943 2.93435 
99.9 11.2018 1.8806 9.20691 1.26891 10.9144 0.699538 22.5026 2.89311 
