[0.1,60]
[0.1,60]
[0.1,60]
[0.1,60]
[0.1,60]
[0.1,120]
[0.1,60]
[0.5,6]
[0.5,6]
[0.5,6]
[0.5,12]
[0.5,6]
[0.5,6]
[0.1,7]
[0.1,7]
[0.1,7]
[0.1,7]
[0.1,7]
[0.1,7]
[0.1,7]
[0.1,8]
[0.1,7]
[0.1,7]
[0.1,7]
[0.1,7]
[0.1,7]
[0.005,12]
[0.005,12]
[0.005,12]
[0.005,12]
[0.005,12]
[0.005,12]
[0.005,12]
[0.005,12]
[0.005,12]
[0.005,12]
[0.1,0.2]
[5,10]
[0.5,10]
[0.005,0.6]
[0.5,10]
[0.005,6]
[0.005,6]
[0.5,10]
[0.2,2.5]
[0.2,2.5]
[0.2,2.5]
[0.4,0.8]
[0.04,0.08]
[3.2,3.4]
[0.01,4]
[0.01,4]
[0.01,4]
[0.01,4]
[0.01,4]
[0.01,4]
[0.01,4]
[0.01,4]
[0.01,4]
[0.01,4]
[0.01,4]
[0.01,4]
[0.01,4]
[0.01,4]
[0.01,4]
[0.01,4]
[0.1,60]
[0.1,7]
[0.1,7]
[0.2,2.5]
[0.01,4]
[0.005,12]
[0.005,12]
[0.005,12]
[0.005,12]
[0.005,12]
[0.005,12]
[0.005,12]
[0.005,12]
[0.005,12]
[0.01,4]
[0.01,4]
[0.01,4]
[0.01,4]
[0.01,4]
[0.01,4]
[0.01,4]
[0.5,6]
[0.5,6]
[0.5,6]
[0.1,7]
[0.1,7]
